10000
2 4 7 19 42 50 153 4591 5043
1 3 5 13 57 61 93 455 683 1559 2086
2 10 11 15 34 152 161 163
1 8 68 85 349 2547
2 6 16 18 25 78 164 197 714 1469 5192 8398
5 9 38 294 615 3423 4417 5493 9925
1 59 183 263 303 703 814 3175 9034
4 12 22 27 79 193 220 381 1538 5876
6 23 28 141 519 1589 2654 5197
3 40 45 96 333 1268
3 31 39 77 81 124 380 626 809 2034 6345 7057
8 1099 1163 2238 4301 6956
2 14 189 206 286 8676
13 372 622 1197 2092 3162 3841
3 36 56 462 872 1218 1833 2032 5675 6184 8428 8711
5 17 166 210 366 1679 2194 5353 6409 6629
16 44 63 83 2095 7226
5 21 29 33 43 104 111 299 696 2303 2946 5412
1 20 112 1231 1280
19 26 149 437 6175 6359
18 24 128 230 388 471 817 1146 1152 2406 5371 7281
8 30 54 67 436 897 1877
9 32 52 66 114 610 805 4232
21 41 53 71 100 665 786 1166 2859 2909 4000
5 209 423 488 671 934 1107 3395 7211
20 82 108 182 285 335 6219
8 35 46 60 80 132 173
9 74 211 416 592 974 1076 3694 7324 8177
18 168 756 1256 1562 1644 1886 3943 6933
22 37 62 101 200 1251 1314 1995 3766
11 109 120 136 426 669 4228
23 92 139 151 659 727 789 877 3027 3150 4163 5166 6167 8435
18 174 192 198 282 1699 4230 8631
3 49 525 6662 9693
27 512 3303
15 98 113 229 1041
30 439 739 849 1478
6 119 172 226
11 178 1983 2140
10 315 966 6768 6813 9574
24 47 76 649 830 2096 4226 7631
1 249 251 334 1105 7837
18 48 65 254 352 1035 4838 6047
17 252 337 442
10 75 309 383 427 606 637 7979
27 51 491 639 710
41 400 8043
43 87 99 257 320 618 1945 6916 8923 8985
34 345 397 895 910 4584 6749
1 360 1069 1954 7150 8393
46 55 240 474 754 1809 2351 4529 7713 8271
23 86 228 666 837 890 1957 3158 8174
24 69 377
22 232 1376 2449 4782 7579
51 142 154 158 627 3528 3760 5290 6593
15 95 1979 7776 8295
2 58 1186 2058
57 502
7 84 323 378 2674
27 102 126 233 503 921 1281 4309
2 64 237 1068 1355 1731 3640 4005
30 224 305 1149 2113 9072
17 115 181 802 2355 4634 5451
61 415 431 560 632 724 1520 1960 2029 2324 3991 8849
43 70 94 242 526 730 959 8863
23 88 127 447 1090 1301 1580 3754 4295 4399 7072 8576
22 91 138 171 616 1133 1715 5385 5415
4 107 156 207 641 670
53 175 196 204 269 653 3858
65 492 807 1840
24 72 73 222 2695
71 135 550 969 4076
71 248 262 1173 1233 2317 2474 4958 7040 8274
28 97
45 146 300 433 570
41 780 844
11 4270
5 693 1245 5366 7875
8 367 489 533 611 2003
27 341 1379 3441 5325 9892
11 89 464 1299 1544 2145 9334
26 185 484 913 961 2082 2098 6044 9398
17 760 1059
59 150 4282
4 105 328 2132 2846
52 106 123 362 960 2617
48 90 103 116 169 235 403 405 522 1045 1181
66 117 3002 3335 8133
81 176 301 654 2683 5649
87 266 271 289 708 3541 3843 6456 6810 8220 8755
67 1108 2331
32 144 558 804 2525
2 187 389 1467 1509 2049 3181 7188
65 256 1913
56 5810 9882
10 379 2558 2587 3776
74 125 191 344 448 713 719
36 280 1473 7337
48 311
24 170 203 942 1891 2393 3696 5445 5532
30 273 428 453 588 4194 6018
60 147 1310 1525 1528 2202 4758
87 351 1145 1279
18 110 188 1027 7302 8119
85 429 444 504 9135
86 392 438 699 763 1209 4916 8076 9792
68 190 216 1243
26 145 776
31 441 779 1246 1720 3126 7293 9016
104 218 359 430 5477 7065 7176
18 368 386 580 624 1834 3422
19 1127 2715 3353 8726
36 414 467 1215 1289 2119
23 140 1783 3337 3937
63 667 3010 3533 5828
87 121 460
88 118 131 214 363 824 1112
117 122 390 822 919 6672
38 268 1465 4448
31 157 5258
116 212 1613 2643
118 129 134 548 656 2273 5616 8948
86 260 2274 2638 6318
11 246 1404
97 325 1822 2312 2812
60 866 1339 6060
66 130 137 565 901 2189
21 133
122 199 2508
127 250 404
117 148 1722 3989
27 162 277 422 678 1557 2823 4058 8449
128 184 265 456 476
122 4929 5547 8537
72 143 1029 1711 1777
31 573 4201
127 483
67 194 582 1527 4202 6464
32 155 407 1365 7151
114 288 7413
9
55 284 338 458 749
135 202 740 4049 6271 7639 8975
92 208 223 321 983 1746 3733
108 278 332 365 965 3398
75 215 399 1019 1816 5933
102 241 290 1384 2578
131 530 903 7212
20 343 374 757 1780 4549 9138
84 167 6031 6254
32 261 477 574 614 1097 1380 2535 7479
3 159 370 501 3009 4824
1 221 1959 9655
55 217 355 946 984 1316 6333
139 1400 1730 1911 2663 7349
68 247 279 371 751 835 938 1193 7677 9043
120 258 297 481 820 1056 3171
55 177 2304
152 160 195 329 947 7292
159 865 1969 2549 3529
3 291 1545 2006 2786
132 231 1977 9949
3 179 821 2650
5 165 186 336 2005 2714 2772
164 295 394 567 1740 2244
16 201 326 1759 4059 4493
150 307 1034 1132 2267 5359 8579
29 319
87 180 6414 8877
100 445 1264 1311 2524
67 267 454 660 692 4196 4770 5037
38 283 496 2156
27 1109
33 259 1778 3232
69 238 353 694 8479
89 3939 4002
158 245 350 1605 9204
39 304 475 792 1504 2090 2337
163 2597 3294 3350
169
63 1906 5540 6137 8390
26 1531 1768 4993 5060 5565
7 239 348 391 1643 3174 3278 5497
133 1272 2416 2561
82 292 1392 1587
164 314 9301
93 1410 4468
104 331 1070 1224 8204
13 935 2430 6507 7156
107 4681
97 312 461 1416 6667
33 272 302 586 3779
8 219 347 1909 2377
138 322
159
69 459 864 2137 9325
5 762 2397 3046 3178 4130 9501
33 2305 2442 4267
129 2050 3349
30 755 845 1312 3974 7592
166 308 9767
143 205 539 2281 2857 4553
100 243 1104 1120
69 609 816 1016 1433
202 677 1204 2224 2483 8541
13 225 310 852 908 2730 3878
68 316 534
144 213 255 746 1307 1931 2556 5849
25 236 264 413 675
16 373 881
28 676 860 1760 1781 7791
121 5135
208 234 244 412 818 1106 1249 9996
117 564 4108 4546
146 1555 1576 1774 3603
107 537 767 1080 1625 5030 6570
154 227 339 1461 2205 3007 6111 6481 9968
110 1537 1741 4923 5055
193 313 425 3960 7508
8 276 598 1317 3826 4548 9028 9812
153 532 729 1899 3033 7104
71 3532 8795
144 364 968 1284 3874 6196
62 485 7290
206 2628
38 576 912 1573 1608
217 418 1837 3539
52 357 421 451 685 1273 2657 4706 5908
36 1872 3263
21 1486
162 287 520 1205 1297 1462 2752 7716
54 2168 2172
60 518 643 854 869 2154
213 274 2421 3576 7612
87 2345
209 555 868 3036 6229
61 466 4167
175
183 356 369 917 949 1682 3466
51 281 834 4259 4286 4925
147 293 4010 4698
65 1051 3059 4525 6527
203 298
213 655 848 5710
177 499 590 2147 4180
124 253 1130 2074 2551 4156 4890 6095
156 1254 1345 4665
73 827
42 927 4009 4684 7032
130 1402 1992 2340 3656 8664 9548
42 1323 1565 2582 2844
44 808 1200 1202 5802 9845
246 457 1526 2676 4532 6128
43 396 1038 1148 2764 3191
208 686 857 4333 8918
94 317 689 2681 6988
48 4415
157 270 1646 1661 2260 3356
174 306 851
123 986 1001 1585 2211
151 342 1087 1937 2046
73 547 725 758 3643 7007 7340 8768
7 275 419 663 2513
209 1967 7018
133 1466
90 1263 1275 2108 2504 3758
171 612 2107 2568 6106 6491
119 393 540 619 1210 8085
69 318 1624 2009
258 432 557 752 981 4593
90 1349 2555 6069 7005 7405
192 2159 6408 9246
101 585 1053 2499
234 324 354 384 513 1067 6237 9381
263 408 3049
220 601 2894 3106 7818
132 549 2191 8078 8270
145 327 2609 6625
156 296 892 4374 8765
98 607 940 1566 4594 5666 6313 6809
240 382 577 1009 1650 6969
33 978 1692 5658 8107
172 529 735 3219 4439
142 5609 8144
26 629 988 9278
13 810 1418 6151
231 340 3414 4291 4351 6909 7021
140 679 1483 2052 2366 2960 3288 6995 8879
90
147 493 657 742 798 5673 8141
161 1714 1871 2002 3525 3969
185 943 1664 4237 5237 8058
241 506 999 2531
6 385 1357
165 5594 5871
279 600
157 6696 7175
243 358 361 1549
18 330 4341 4696 5341 9242 9255
75 424 515 2011 4435
89 527 2586 3247 8938
192 420 4133 5651 8968
7 1539
178 1088 2190 3904 3976
62 1452 2257 3299
259 346 1227 1447
167 434 1335
201 709 1137 3241
45 498 948 1611 4897
206 3366
99 604 1524
191 2701 6022 7379 8737
219 479 2659 3782 6362 9487
186 554 2028
40 510 646 1503 2996 4705
207 1454 1727
256 1244 2548 8672
269 541 602 736 1370 5041
168 1820 2822 5404
48 463 505 635 7504
144 633 2149 4901 5459 8841
194 446 1187 1223 8242 9950
59 673 1494 1518 4160
274
125 750 4033 6483
166 482 994
278 538 1100 1212
85 486 652 2126 4539
159 2252 7161
299 1665 2166
188 1048 5450
145 2958 7124
10 825
42 6298
26 435 593 990 2480
164 3867
44 1007
142 571 918 1185 1322 1394 2887
217 468 1536 1629 1743 2359 3629 6713
287 2488 3005 8315
80 417 1257 1636 2155
261 411 3980 8173
149 1058 2288 2448
97 721 1013 8338
49 2810
306 858 3238
193 387 722 4873
183 511 2897 4021
4 4686
177 761 3795 4386
103 1702 5241 5574 9466
43 375 3421 7146
175 376 450 1471 2528 3111 9753
274 4978
154 1343 3098
239 952 1419 2262
228 2527 5704 5986
298 551 2193 2409 4483 6360
110 2820 6794 7847
50 768 879 1660 4764
298 732 803 1157 1761 4671
86 401 691 831 1364 1623 1739 2725 7143 9651
117 516 2263 5821 8316
223 6764
145 738 1725 1827 5791
16 1842 3791 9269
79
111 402 410 470 1984 3221 3252 4436 5083
239 753 1474 5206 5494 9194
152 524 1006 4509 5731
156 546 823 2019
14 621 651 695 1807 2501
210 1892 2569 4451
149 594
352 682 3064
353 8290
53 664
59 542 569 605 7779
96
11 599 711 793 7503
8 644 772 5152
281 1434 6596
45 2700
274 563 728 1291 3990 5393
294 395 806 2197
111 939 1762 1838
347 398 440 572 930 1382
21 531
93 568 876 975 1972
118 911 1003
183 3352 3712 4268 4465 4673
106 1262 2062
268 406 480 623 1637 6829 7849 8216 9151
165 2410
385 796 925 2301 6961 7443
254 700 1887 5957
49 8444 9795
387 1550 2093 4326
146 1050 4315
47 716 3371 4012 6675
362 589 7754
368 1164 8654
87 508 989 5686 7583
130 1336 2010 2326 3447 3598 4215
87 891 9139
393 409 980 8042
139 923 1141 1994 2935 8182
275 469 1162 5855
406 1033 8635
368 933 1383
342 478 1188 1632
213 788 3124
209 443 562 3147 4104 5238
113 801 1607
64 472 1078 1849 1961 2679
28 561 1158 3768 8018
341 2596 2686 2914 3820 4210 8235
227 490 697 1101 3325 7532
263 608 1022 1406
302 3662
228 2278 3452 5911 7595
132 744 936 1693 1752 2667 5364 5967 8387
25 449 634 7977
300 1096 1437 2171 2401
219 915 1706
31 495 514 840 1737 1912 3691 7727
45 795 6085 6407 6852 7601
101 1476 7756
105 452 578 1828
110
64 777 1858 7707
270 1342 1498 6011 6539 7902
75 770 1883 5695
307 536 575 773 1195 1208 1407
335 579 5268 5360
22 591 1114 1324 9163
20 497 528 1802 4109
106 566 5168
37 1568 2204 2354 2404 5397 9921
387 4909
109 748 2957
44 500 2862 4541
413 662 1071 1333 1614 1628 1789 5757 5917 6292
105 1411 1880 4193
170 3688
322 487 743 1356 1723 5104 8159 9444
66 494 1683 1773 3295 3743 3783 4598
97
423 517 1008 1125 4564 5242
353 587 1039 1086 1505 2399 3932
228 465 4960 6651
429 521 661 1426 1588
101 543 951 6677
171 1044 1282
2 625 690 811 3243 6121 6540
133 8550
253 3075 7956 9794
142 544 2481 5842 9675
196
116 1128 6728
191 1631 2094 2186 3911 4335
15 559 4810
320 672 982 3245 4354
81 509 535 1005 1787
451 2369 5819
237 473 771 1325 1440
113 6035
339 2464 2723
408 737 5214
368 880 1470 4069
21
415 1374 1579
466 595 1093
51
178 900 937 2459
133 2478 4066 6878
151 650 668 1667 3035
411 3169 3443
313 2089 2451 3260 5888 7390
393 523 855 6392
157
326 717 2323 2356 2493 7159 7184
137 1037 1677 2178 2664 5714
82 7522
224 1794
328 2381 2956 3448 4489
446 6116
25 552 2253 5637 5865
79 1110 2280
418
46 597 2612 6129 7257
70 3180
290 596 658
447
426 1095 9848
172 507 2707 3707 3917
437 3040 5736
309 791 909 1267
245 2603 7633
442 972 1214 2231
152 926 1881 5887 6793
58 856
60 553 782 2110 2978 8690
105 1065 1238 1570 5506 8913
320 3409 9359
293 584 645 1183 6410
496 1602 2708 5096 9248
403 1098 1242 1874 2735 3013 4538
464 613 769 1491 1939 4378
315 583 847 2138
348 6397
35 944 3571 3864
274 929 1295 1581 1764 3918
426 723 1285
300
363 4794 5292
449 704 992 3753 4157 5361 7153
233 631 1712 1919 7056
9 2796 7220
231
452 941 1804 2658 2705 3265 3953
87 1320 3608
480 1446 3616
370 1450
34 628 636 859 4893 6778
65 581 797 985 7646 7660
301 5567
437 688 705 916 1292 3633 3721
283 2243 3141 5509
148 556 2444 2615
388 775 3625
221 2495
79 731
207 898 907 1062 1178 1724 1755 3293 7445
464 1217 2372
434 3578 7174 8916
216 1321 1354 1674
327 8925
202 718 873 1523 1709 2951
268 3160 4241 5490
318 2104 2320
378 545 2746 5275
453 764 1304 1515 3586 8825
458 2668 2961 3901 6208
542 843 2864 9517
371 726 833 838 842 1991 2177 3281 4030 7586
262 8749
122 2242 2322 6191
277 4097 4756
72 766 790 7081 8552
358 995 1713
488 642 2817 4747 9424
503 4244 4437
314 2206
236 1500 2333 2641 7312
530 1036 4424
270 1014 1085 2998 7218
92
462 1359 2742 5940
64 701 765 3396 4565 4612 6056 9275
416 2302 5429 8234
413 1510 9981
384 712 800 1072 1074 1347
214 8719
127 4061
438 4463
165 1749 2871
389 648 4112
378 674 3611 5786
75 1288 2693 4637
338 836 5717
387 920 6875 7664
136 781 1415
151 2775 7798
434 2035 5157 9348
226 620 759
281 922 3471 5723
429 603 846
435 1529
111 1118 2778 4711 5752 7223
526 3926 6142
138 707 1290 1793 1843 9107
510
506 783 4453
273 828 1436 2127 5213
192 630 2769 4582 6932
450 1398 1513 2241 3684
101 1221 1278
401 687 1748
245 893 1055 3164
436 2614
28 799 1091 2639 4670
335 1000 1586 4880
374 4516
473 1124 8131
493 4972 5029
491 638
220 794 1102 4456
380 1795 5356
296 706
276 3231 7284
318
578 1642 5835 7924
311 5207
378 1266
45 1552
280 7023
419 681 1890 2232
204 617 1047 4690 8528 8756
23 2621 3708 8598 9152
79 1042 1532 2247 4986
267 4940 7130
509 1235 1652 1851 1958 2482 3031 3239 7179
151 853 1584 2900 3595 4741
6 1456 6888 9102
67 1201 2599
609 1011 5473
48 4902 5682
268 4331 4563 7358
576 4502
372 932 987 7230 8025
14 787 1853 2282 9046
393 1179 3044 6038
111 1487 1815 1949 5461
455 1270 1308 2719 8504
11 698 5440 9850
55 1052 4953 9553
525 640 1012 1352
285 1155 1490 8880
586 1049 1873
518 861 883
64 702 2688 6599
321 647 2452 5915 7842
423 715 2418 2696
320 1885 2963 4700 8973
525 1177 1191 6207
45 1144 1609 2749 3886
597 2187
46 1031 1334 3218
628 1216 1371
68 889 1083
552 1175 1564
233 3410 5130 9778
381 7850
506 1582 2128
315 745 4134 5314 6680
633 1413
568 962 5701
41 1030 2487 9965
477 2736 2788
372 1621 3323
328 9366
69
89 684 2007
244 874 2023
122 680 5101
290 2770 3343 6053
493 785 3212
32 956 970 1649 4636 7251
171 1798 1941 5142
452 815 839 1718 3014 4229
443 1441 2134 2687
263 1252 3123 3668 4231 7001
377 733 904 1156 1405 3230 5496
24 812 3417
52 734 2579 4731 5079 5531
115
477 998 1832 6744 7496 8935
31 4805
68 1147 2395
25 894 6838
463 1139 1300 1305 1670
323 886 1115 2633 2893 3748 5299 7879
569 2398 5441 7224 9840
209 871 6230
211 6774
205 1620 4373
132 2789 8978
288 1571 3187
656 1896 5044
608
375 1468
2 991
654 7338 9969
228 3472 9203
255 784 1808
589
528 1799 3369 6132 7856
256 971 1318 1689 5085
455 7982 9087
362 1250 2457 3254 6534
171 774 4766
78
175 778 1294 2800 5764 5824 6217 8704
372 4206 4682
18 1485 2308 3020
418 1089 1856 1986 3636 6314 6947
626 885 2509 3984
106 906 2938 3701 3919 4369 9660
396 1575 3445
560 3215
632 1592 2383 4026 7178 8668
7 953 8637 8685
517 819 2434
528 2299 4035 8747
600 1043 3689
582 720 3855 4031 5619
90 3302 9599
308 832 841 1232 5559 8656
46 902
380 3478 8983 9019
563 3872 9142
97 5149 5370
5 862 1180 4348 6423 6603 6827
634 964 1021 1028 2851 3903
400 5993
482 5638
539 1512 3130 3497 5922 5987
97 2803 4132 5622
707 1897 6612 8137
344 1170 1627
347 5443 7863 9208
514 826 4974 5991
64 4832 6632
262 945 2911
546 1219 4992 9160
32 896 1615 2968
384 1423 2413
221 747 1082 2417 8498
65 4296 6610
533 741 9512
361 1860 2443 3287
664 3805 4370
666 867 1904 3604 7061
283 2218
318 1222 1548 1753 6190
469 1769 2344 3988
365 2454 9929
37 1237 2850
143 1199 8355
731 1081 1192 1868 4233 5190
290 850 2142 2165 2607 3291
446 813 2990 7699
422 1728 4129
646 2210 7693
208
729 863 5529 8448
441 6094
142 6384
325 1451 2756
156 2008 4287
270 875 1010 2146 4555
369 1401 5483
51 1604
200 1327 3835
29 3142 4057 4629 5114
149 1060 1302 7029
262 3216 7949
576 2261 3737 7552
83 1826 3994 6187 9024
350 1507 8713
197 1073 8362
106 3305
543 1287 1935 3268 8365
560 8826
550 1484 2739
216 3459 5244 6163
360 3317 8931
509 829 1135 1776 1934
433 954 4342 5505 6581
466 2606 6690
381 887 4454
434 1061 4266 9543
692 931 9149 9618
531 7802
108 1066 1864
431 1747 9871
694 1900 2564
109 2691 9667
76
573 924 1694 3006
503 2765 3273 5660
584 3781 4755
686 1332 2217 4920
658 2550 2782 3321 4779 6009
24 2060 3992
622 1870 1998 3081 6664 9515
412
32 1344 3588 3815
550 2374
498
178 1247 3256
380 1351 1854 9440
598 1079 1745 3455 4576
427
395 870 2181 7797
526
290 6982
592 1032 9916
563 7805
414 2584 3706
63 2953 6882 8143
361 1159
92 2463 8297
23 977 1220 1951 8039
385 928 1064 1171 1639 2901
70 3382 3735 9094 9611
252 2066 3724 4054 4617
11 5642
286 2465
455 1464
665 1453 2222
743 1369 1373 6631 7491 8184
7 2829 6284 8094
661 993 1274 3021
204
21 3869
213 1123 1399 1493 3944
704 8698 9854
157 1633 3957 5094 6387
163
118 1835 3999 8047
371 1004 1276 1678 3830
117 888 7287
333
723 4113 5147
248 1876 5768 6068
585 2022 3801
769 1533 1612
41 5610 6438 7623 9412
362 7795 9772
709 5713
546 884 4077 4338 9193
240 1239 5261
156 1138
571 1309
52 2000 2995
546 1346 2918 3568
661 2136 2892 8817
426 882 4979 8949 9859
709 1020 1117 1999 2497
546
545
76 3938
200 914 2720
578 4508 6592 8080
510
244 1129 1194 3803
37 2987 4905 8059
742 996 2376 5527
259 878
206
614 1348 1396
233 1427 4515
480 1161 1847 2100 5421 6580
502 1908 1975
255 4253
346 1136 1198 2114
525
211
631 4015
714 1443 1889 4619
747 1691 6459 9509
196 1296 1800 3183
160 1933 9683
126 1981 2536 5631 6865
734 2602 3133
236 9546
233 899
796 1481 3739 3784 5573 6445 7938
675 1535 2709 5800
15 973 8902
539
655 1751 2826
752 2670
389 1259 1424 2338
32 1092 1226
851 1169 1601 3913 4484 6325 8282
360 1736 2225 2595 2816
470 3304 5262 7580 8430 9817
210
840 1025 4065
631 3765 3948 5657 6908
833 1017 1057
698 1766 6473 6526
673 3259
772 1463 1803 2287 3249
824 1381 2070 2170
641 1230 1387 2445 5775 8785
52
405 4362 6917
279 1393 1973 4723 7915
590 1448
671 4512 5693
49 1569 2361 5844
727 4708
22
534
869 8837
475 3715 4823 7064
127 7671 8405
710
148 905 1024 1408 1414 5927
664
903 3484 4192
699 2379 6417
534 4403 5349 9373
206 2236 4927 5066 7939
498 950 957 2931 6295
49 3720 3860 4149 8372
390 1719 2870 4768
226 1791
82 6709
845 4749
425 1026 2188 6349
528 1989 4043 5947
239 1797 6227 7219
338 1228 2662 3360 3853 4997 7954
118 2120 3895
572 1277 2021 4485 5034
60 958
577 2180 2540 3527 4840
407 7701 8083
781 1023 2574 9088
395 1176 1271 1389 6710
501 1675 4738
249 7404
806 1315 3077 3261 8969
513 3940
387 2745 3374 4969
774 1116 1681 5591
621 1922 2866 6929
410 3346 9808
25 1366 1845 2004 2868 7433
189
422 1160 2889
475 1920 3552 3628
156 4610 8588
386 1861 4870 9760
280 1556 2131 3296
521
100 955 1313 3453 4462 4703 8475 8671
292 2939 3179 6474 8082
512 1306 4692 5236 7645
725 5937 6083 7208
154 1265
159 1002 9560 9684
309 963 976 5833 6006
239 1119
909 967 6666 8896
453 5980 7263
356 1925 4721
703 3088 4881
770 1207 1248 3437 4028
942 1561 4907
659 1425 1567
909 1492 2498 2533 3071
921 3498 7786
65 3494 6485 8558
86 1438 1744 2743 3599 6547 7505
82 979 2367 5403
648 1830 7654
948 1015 2380 3032
715 4542
145 1293 1378 3329 8470
40
950 8792
223 1184 1910 3286 6104 6200 7422
72 3682 4639
659 1046 2625 6078
689 8832
500 1953 7811
872 1619 3622 6266 8054
28 1054 2018 5560 6090
389 3234
948 2291 7015
805 1905 5671 6533
282 4788 6079
961 2458 3825 8077
406 3213 3298 3385 8322
270
463 4238 5002
144 997 1412
154 1936 9140
526 2802
260 5022
621 1131 2666 5670 5823 7382 8181
285 9103
403 3482 9806
335 1196 1506 1821 2620 7132
683 1018 2276
517 1077 1174 2072 2982 3899
815 1648 2073 3619 4501
326
551
850 1442 1962
983 1113 1303 5056 5706
668 7899
293 2332 7788 8251
593 1040 1522 6463
260 1547 9723
947 1063 2484 7494
390 4020
823 1211 1439 1688 2203
464
370 6855
337 1572
449 2402 2904 7141
281 1367 6475
752 2378 4827
617 1930 2652 2753 4128
628 1122 1377 2169 2861 3558
344 3043 3548
557 1140 2294 3051 4300 5635
963 2426 6385 8852
204 1782 1944 2805 4037 8041
884 1489 1788 1839
991 1927 2017 2055 4379 4387
146 3229 7711
841
715 1283 3063 7241
419 1337 1521
924
903 1241 1472
882 1153
915
104 1236 1420 2616 4915
715 2634 5387 5992 7793
135 5799 9188
649 1409 2431 6338
639 1657 5113 6344
799 1360 1867 2529
409 2791 3986 6866 7395
167 1234 2456
43 1260 3431
556 2268 7878
483 1258 8415
254 1831 2036 2407
450 1750
1000 1482 4384 4638 6250 6910 7250
36 1361 7288
611 1338
706 2362
454 4398 8745
87 1151 2088 8093
970 1150 8350
609 1403 8267
331 1126 1432 3473 4675
630 1475 1634 2538 5869
399 1094 1700 7330
242 1240 2581
627 1460
273 1103 4494
974 2511 3868 4533 6966
590 3083
157 1121 1707 2015 2102
884 1075 2738 3907 5170 5311
343 1617 1836 2212
83 1111 1673 2420 9288
757 2229
773 1298
534 1659 8760
1002 1363 1430 3679
806 1206 2560 3226 4837 8543
504 3266
776 1554 2645 7812
274 1134 1143 1806 3324
61 6879 9665
50 1168 3521 4566
188 1812 4220
443 2790
563 3068
762 1421 2758 2847
563 1084 1622 2135 2293 6351
1057 1165 4575 5593
28
992 2047
415 2013 4458 6741
794 8279
216 1704 5652 5740 6759
741
729 2872 4545 4743
641 1956 2143 4084
1074 2477
557 1603 8095
450 3729 8684
261 4346 9504
304
697 8268
66 1610 2133 5793
592 1924 2076 8762
877 2461 3467
473 2081 2250
1050 1340 1946 7542
495
424 2439 2954
151 1182 1225 2710 2759
508 1341
12 1480 2494 8403
327 1203
418 1940 3149 4365 5550
598 3485 3596 5413
1053 1902 3658 9060
203 1428 2316 3022
42 1687 1996 2486
213 7499
25 6544
91
173
489 1770 9783
1059
117 2363 7182
997 2908 4124 4150
436 1330 1850
673 2122 2672 5017
931 1229 1534 8701
841 1142
580 1866 2842 3194 8782 8813
949 4119
203 1261 3832 4802 8352 8418
1056 2078 3222 5223
1012 2469 4364 8805 9721
818 4408 5879 8484
595
449 3012
1048 2717
112 2419 3916 4719
460 1658 3037 3331 7204
848 2045 3058
246 2920
987 1154 3597
167 2207 8192
67 1331 1703 6490
1067 1190 2429 3143 3881
769 2283 2779 5191 8286
858 7078
308 1928
835 3546 6354
672 2334
1014 5007
407 1189 1882 5626 6381
1117 1717 7125 8381
1067 3462
637
103 1863 4872
21 2012
670 1540 5624
254 1386 2195
62 3131 3419 6978
1046 4204
1045 2924
21 3514 5716
1025 4550
1131 5883
629 2713 8210
664 1172 1329 2031 2834 2976
361 1546
416 6192
803 2044 3364 5434
936 4672
855 2470
408 8249 9096
12 1458
402 1501 3279
1075 1167 1862 2309 5467
24
1165 1553 3451 6157
1069 3240 4552 9021
878 4442
721 2041
806 2160
1156 3235 3614
73 3408 5617
992 2933
642 1511 1583 2624 4971 8492
925 2682 6388
636 1350 4662
534 1594 1606 2703 5064 9531
623 1823 9105 9272
714 3775 5291
87 2184
1097 2097
506 2934 3615
968 2306 2907 9927
338 3821 4954
57 1598 2130 7597
322 2214 4433
411 1976 3107 5381 7577
1141 1253 1477 2906 3501
1134 1901 2865 2886
636 9079
741 1422 1685 6678 9225 9714
156 2755 9382
848 1213 2014 2298 4534
434 2164 4024 6648
990 1497 5674
14 3639
858 2427 2671 3474
740
252 4544 4712 7953 8213
616 6775 8565 8766
252 4519
1100 4787 5405 7820
205
231 1368 2112
1064 2230 4865 7222
954 2027 2348 2447 2559 3355
434
106 1286 1372 1390 1488 5906
268 1326 6243
1004 2600 2947
327 4143 4289 7785 9490
1194
500 2435 3185 4147 5452 7581
113 1269 2061 3393
640 1542 1630
535 2220 2827 2922
15 1662 2185 2557 6815 9057
726 2455 5486 6697
805
588 2077 9259
736 2085 2386
322 1385 1429 3475
188 1558 4085 4654
1097 1255 2809 4699 9298
877 1993 2656
306 9192
918 3566 4948
1116 1328 1417 2275
889 2173 5171
19 1541 6529
709 3028 4146 4285
73 1668 2216 3264 6269
1034 4944 6159
613 3224
1027 2936 7321
739 1596 5150
504 2382 3549 3819 4179
834 7500
1051 2152 2879 5829 8288 8723
1024 1362 9656
508 5294
107 1519 7196
317 5260
78 3873 3888
109 1680 3718
792 1708 1846 7152
954 2314 4173 7139
213 1395 3223 4307
691 2523 3505 4976
30 1319
663 3900
1189
247 7441
1225 2106 8873
29 6742
341 1516 2428
1037 4635 7628
876 1563
1035 3573
1120 1786 1829 7569 8030
392 2833 3561
266 2001
170 6202
946 6317
605 1997 3365 3947
498 3097 4105 5352
10 3483
1215 1502 2840
625 2174 4679 8166
925 2139 4419
184 1595 9430
228
815 1600 3196
266 2795 3764 5809
823 7946 8721
920 3146
588 1388 2315
103 7051
19 3981
60 2358 2594 4055
454
1021 2396 2831 5376 7469 9474
223
514 2237 5870
1209 4164 4467 4648
764 1672 4918
570 4345 4956
113 1966 3574 5390
582 6517
384
528 2265
965 1391 2080 3060
694 2056 3436
513 2325
864
231 1987 2986 7113
1061 1353 2234 2774
81 1431 2103
672 3004
66 1375 2129 3257 6072 9136
757 3577 8476
997 1635 2799 3172 5857 6825
543 3686
672 2514 5173 5437 5480
944 2543
208 2124 4615
625 2841 7367 7651
836 1735 9956
102 2917 7213
170 2446 2988 5685
200 1819 2038 2962
942 2277
30 3208
928 9003
154 1971 3880
220 2689 3687 4138 7814
689 1647 2084 3562
1251 1397 8731
522 2959 3386 4125 4797
537 1641 3392 3399 3704
338 2026 5347
251 2071
436 3456
466 5543 5979 8068
1210 9933
755 1729 2425
1229 1705 4177 6379
1156 1457
1114 1638 2105 4235 8977
1133 1698 3023 4999
784 4543 4607 9285
443
639
307 3047 3559 4350 8950
404
1022 7393
1042 1358 1841 3862
126 2472 6032
1094 3914 4790 7138
1098 1929 2388 3666 3828 7192
432 1696 1978 2473 3468 8183
355 3110
789 1811
247 5916 6859 8153
838 5422
563 1597 1690 8901
853 1445 1499 1517 3057
271 4926 6622
1177
793 1965 2254 3786 7641 8157
628
1298 1955 2025 2506 2777
537 2729 3705 4319
61 1710 7437
446 4107 8955
294 4814
1338
559 1742 3117 4537
1032 1926
1041 9080
1241 3557 9626
1063 5769
362 2515
139 2353 3157 3799 5204 6896 7059 9342
934 1508 4368 4900
1009 1875 3470 4099 4209 5914
1205 1697 5313
813 2845
318 3796 6065
640
1209
813 1593 9740
472 1459 1825 1865 6684
1301 1772 4064
54 2436
1012 2394
965 1734 6767
80 9514
151 2793 7225 8156
888 1496 1656 3958 6430
387 1757 2352 2763
410
147 1818 2647
1223 3334
1148 2057 7030
889
1278 3537 5379 8283
925 3086 8856
1209 3908 4324
1293 2151 8807
185 2039 2571 3425 3592 3700
892 6138
338
1249
853 1917 7409
1319 1599 7013
587 5069 5544 9461
818 1801 3277 5342 6238 7291
155 3203
753
250 3695 8122
1047 3138
124 2462
664 1626 1754 1888 2387 3564
419 1455
434 6225
903 1653 1663
1030 1495 2375
187 4443 6421
444 9302
983 2881 5583 6101
647 2290 4461 6153
903 1817 2950 4279 6406
573 1921
191 2240
1229
286 1676 1784 3583 4234 4577
356 2855 3186 3237 3429
1027 1952 3565
1073 2572
1192 3790
728 1684 5698 7185
876 2016 2350
956 2521 4036
452 1435 3310
854 1444 2910 4935
1104 2642 6776 8779
1223
1063 1813 2349 4174
1299 3391 3405
1048
204 2651
382 5090
1426 3347 5996
585 1479 3314 3623 9409
424 2544 3357 3973 4991 7085
960 1669
1004 1758 4265 5024 7079
466 8943
662 1449 8193
996 1560 3426 3747 3961
862 1765 2183 2371 3624
1427 2054 5811
1348 1738 2310
523 7329
306 3554
893 1591 3210
1441 2575
524 1857 2075 2905
750 5555 8154 9233
305 4906
812 3822
316 7155
1406 1616 2433
615
1329 1551 1947 3397 9564
1163 5265 5511 9960
1374 7189
1052
217
231 5279 9756
887 5656 6805
811 5955
119 2552 3997 5093 7882 9360
265
93
682
5
470 2453
353 2158 4691
1024 3003 5086 6311 8391 9146
98 1514 3041 4571
369
1049 2852 4536 6088
428
1189 3400 6726 7190 7888
37 3333
1436
1099
870 3674 7877
1040 1915 7458
288 7396
766 6063
696 2053
230 2489
624 5365
1209 2588 2784 6613
1017 9147
629 3427 5825
509 1893 3998 4490 5895
957 3300
818 6970
323
1409
1381 1530 3593 6021
1196 6496 7191
432 3025
1348 1590
555 1574 6901 9145
1164 1963 2162 2271
1269
315 5840 7265 9787
178 1771 3344
450
990 5787 5950
761 2040 2534 5259
1366 2064 2441
93 1577 3730 5159 6619 8750
562 5074
1175 1618 2748
718 3693
587 1852 2613 8986
1473 1779 3585
543 6246
1257 3851 4325 6160
1348 2623
323
1243
64 7668
1022 2042 3752 5081
1000 5549
539 1543 2432 2678
311 5161
102 2336 4397 9849
253 2215 7778 8600
138 3732
102 2490 3008 3602
579
1496 1884
182
611 9150
829 2726 3109 7604 9182
1116 1578
871 6412
339 9711
218 1824
8 7114
303 2815 9805
1147
1231 2630 3332 7435 7810
1216 7167
1523 7303
81
161 4303
1157 1645 4633
1001 2546 2592 2604 6028
736 9769
298 5491 6209 6300
398 2878 3093
1457 1990 7440 7989
606 2890 4860
1167 2233 3428 3965 5438
1066 8091 8305
215 5516
940
132 3315 3844 8180
1224 1726 4919 5820 7834
2 3845 4406 5478 7640
1442 5383
955 7276 9773
29 5634
1259
642 1767 4316
251 2150 6077
280 4122 4854 6987 9184 9658
956
439 3987
895 2059
504 1790 4126 8069
679 8121
1007 6042
226 2364 8275
1500 4343 4966
700 1785 4395 5974 9986
215 9649
1509 8608
1534 4945
472 1942 9469
66 1671 2848 3354 4606 8457
513 5755
645 1686 8500
1175 2640 3771
614
260 8055
593 5014
185 2339 3526
452
9 3673 4093
1499
1448 3702 6049 9580
702 3637 4478 6278 6411
1373 1655 5868
1178 8185
1272 2068 4063 4785 5425
1237
1347 1666
1186 2343 2929 5273 8202 8824
1397 3322
1274 5324
878 1948 2801 4272
507 1640 3922
1085 2141 2373 2798
754
177 1756
1178 2227 6252
414 2590 5125 7086
226 2751 4413 6891 7697
637
1090 5653
309 3970 4110 6772
829 2632 4269 4392
121
443 2239
727 1716 3388
1455 2492 3192
1058 2797 3115
1511 2279
973 1654
677 7854
651 1859 2327 2828
1074 3802 3807
362 1721 4401 5582 8065
269 2341 2896 3112
216 1895 3905 5431
1405 1903
721 2213 2649
443 5569 9256
339 1918
1216
461
411 1651 1844 4243
820 2733
1049 3678 5000 5306 8981
1303
341 5067 6136
393 1988 2270
1330 1848 7464 9084
806 1950 2821 4308
1602 2955 4178
1321
603 1814 2500
183 2512 5220 5632
29 2259 4276 4339
1546
258 2424 3073 3114
1318 1932 6218 7126
993 2541 3011 8547 8872
659 4050
281
1632 5503
613
1408 2635 3244 4704
1619 4689
1593
1381 2235 6221
1031 7123
1128 3076 4751 5830 7809
1062 3836
360 1964 3667 7610
258
1218 2921 3655 4136 4211 6679
1408
292 9596
330
1597 2440 3540
477
1233
1438 1695 2192 2347 9890
672 6426 7763
1580
1287 4579
1059 5283
537
926 2175 4225 8691
1418
483 3258
823 1792 1907 3601 5689 7371 8063
16
1246 3029 5068
931 4274
239 2065 3538
447 4086
1423 3270 8675
1192 3016 4869 5399
1582 6034
1105 2063 2776 4572 4669
1004
689 2981 3167
1347
863 2389 4792 5162
282 1732 5953 7964
422 6091 7736
781 2824
1669 1701 2593 3079 9132
1342 5095
1368
1331
33 5899
1050 3094 7696
1695 2766 5245
351 3184
1133 3496 4776 6206
1080 2118 9217
1328 9098
425 8505
1056 2562 5784 8696 9379
1247 3136 3522 9362
539 2297 4013 4754
1355 2307 2692 3660
135 8070
518 2226 4470 6096 6575 8326
551 1970 2721 4585 4599 6687
291 9861
67
1615 2471 2832 4396
1142 6039 9395
661 1855 2761
911
109 1733
1623 8261
131 2079
446 3166 4003 7350
534 3582 5513 8123
365 8191 8420
1558 2390 8379
316 1974 2020 5738
744 4380
1327
155
61 5282
1692 5724
1720 2121 3710
1378
1309 6816 7680
879 4310 4895
426
1445
362
165 1805 2660 2927
218 6643
1359 3741 4959
339 7531 9029
960 1775 2153
794 2101 3026 3085 7658 9905
144 6587 7154
777 2289 9598
589 1878 3227 5699 7112
567
1039 6633 9368
874 2266
422 3018 3153 3884 5049 5410
736 4879 8594
1405 1763 2043 2637 2780 8108
534 6309
1605 3897 6668
1382 2949 5672
1439 2030 2392 5676
166 2583
211
361 7775
386 4664 6181
1754 2365 4885
513 3225
1443 3326
885 3923 8667
1564 3017 3211 3797
182 1810 3255 4739
737 2885 2966 9492
1110
1504 2346 2808
1375 3341 3632 5308 7362 8945
447 6515
215 8037
1744 1943 5196 5943
769 2144
135 3284
174
1514 4605
149 4867
211 1916
1016 2176 2228 5735 9050
114 9476
1418 1879 4587
1575 2610 3154 5761 9523
1261 3280 8028
464
1017 2661
443 2539 3793 3891 6239 8838
1570
912 8623
1678 5230 7993
582 1796
485 2876 2980
599
1793 1869 5487
917 2051
660
688 3648 4377 5013
864 2292
1399 2148
437
887 4430 6955
521
1740 2940
1067 2626
372 1898 6516
686
51 4246 4822
1768 7543
1344 3800
1070 4714 8062
1430 2033 2919 3092 5482 7534 7729
1642 2403 5873
624 2475 4068 4562 5326 7142
146 2269 3103 3401 4183 7752
1414 2585 2994 5274
1384
1312 7607 8075
319 2450 2902 4729
990
125
1179 2167 5931
1537
1374
760
365 4746
429 3638
1261 2157 2405 3690
962
1038 1968 5398 6514 7602 7966 9177
668 4429 6685
15 1985 7828
111
822 1894 1938
1058 2684 2818
227 1914 8298
386 4898
1017 3985 5120 5661 8429
70 4680 6985
1338 4040 5116 6975
366 3127 3381 4798 5071
582 4022 4623 6043 9932
1632 3140 3531
934 2360 3193 6363
1247
855 6008
1638 4168 7528
415 2888
1114 4188 4250 7780 9025
613 2972 5124
1513
622 2251 8481
793 5310 6305 6760
1718
697 3070
1450 3065
431 3605
1621 2163 5894
732 3834
939 2182 6139
1165 6066
1145
776 2977 3906 6201
1374 1982 5139
1118 9383
1032 3829
741 5533 6656
1796 2460 2997
787 4588
291 4355 6260
229 2125
630 2580 3173
508
1367 3001 3313 5001 6484
827 2712 3217
22 2099 3404 7561
1748 3134 4775
1784 2537 2694 2952 3646 3657 5169
444 2245 4941 5862
501 2479 2891 8553
1141 3579
433 3870 6288
1530 3713 4651
635 1923 5562
29 2423 3809 8426
396 2285 3499
1405
862 3759 5389
608 4581 4586 7498
100 5010
373 4874 6657 8870 9862
1491 2067 7593
1835 5219 9746
1625 3500 5782 9521
680 8660
720 2813
1807 3454 4604 5143
221 4657 8450
778 2576 4410
1190
1103
1626 2335 9384
734 8773 9420
977 2895 8053 9223
181
1678 7442
856 2091 2807 3348 3547 6661 8493 9659
193
968 2223
155 6940 8549
426 5604
94 2037 7564 8306 9296 9628
1837 2300 7634
1482 5288
1781 6324
1396 2318 4053
1629
518 6682 9648
937 4078 8439
1415
932 2083
1885 1980 4968 6174
1091 2532
952
1360 4511 4803
1018 3176 4251 6807
1137 3269 6977
1341 2408 5780 5852 7844
1011 3831 4221 6523
208
1647 3054 5375
865 4620 6746
769 2272 8017
764 3634
984 2087
261 4812 9705
1835 2849
509 3977
1101 2330 7002
660 6113
1579 4793
1775 2577 2944
1016 3200
48 2804
1094 2048 4580 8292
1457 2321 6131 7254 8412 9549
1601 3030
624 2567 3434 4949 5054 6886 7383 7621
1639 6736 8641
805
1420 2256 4640 6198
972 3951 8114
50 2069 3161 7087 7307
1353
1083 2438 4151
52
613 3840 4440
153 4778 5394 8074
64 3206 6274
415 5920
996 3412 6005
1501 5743
1660 4492
1351 6257
1289
264 4804
1831 2898 5592
160
1713 8252 8599
1316 4883
389 4195 5301 5771
892 3824 3876 9002
1727 3670 9436
856 2370 3469
1188
162 7019 8757 8915
1342 9071
56 2773 8009
1923 3676 7952 9914
866 6366
1865 2200 9318
39 3731 3934 9174
368 4695
1833
697 2117 3250
1297 2991
1637 4358 4982 8693
916 2744
1551 3929 5362
546 3563 7751 8997
250 2945 4016
1226 3877 6352
407 5160 5646
30 6073
1105 2814 3785
1266 3372
787 4955 5645 8161
841 3671 3956
837 3569 4402 9441
1263 3681 8882
291 8034
79 2542 7348 8821
934 6915
164 2199 3491
161 2179 3091 3813
654
751 3082
269 6641
404
300
1146 6234
1078 4070 7719
1194 3461
1056 3306 3631 4970
1424
1018 8834
974 2024 5351
371 2422 2836
1727 3034 8844
920
828 2123
655 3039 4828 6012
2018 3865 4275 4771
1353 3159
1322
1207
314 5877 7484 7987
64
1758 4416 9199 9940
1156
15 2328 7297
1813
11 2295 5696 7101
575 2530
1038 4894 9007
1913
1312 3460
1392
1507
1170 4449
1521
1754 9836
1159 3311 7983
1129 9205
261 8897
1077
1946 2563 9031
93 2161 2255
199 6861
1797
288 2109 4939 7649 8195
1485 6071
1444 3285
1018 2115 4527 5400
1294
1386 3069 3387 5502 6062
57 2716 9766
1569 3084 3318
786 2384 2690 7764
1215 2811
392 2116
1687 3479 4841
1508 4159
1682 2882
808 2111
1893
1595
1954 2566 3340 4459
888 2198
1323
992 5449
993
246 8458
1450 4414 7304
1091 2329
1221 2311 2608 8811
1121 6750
1722 5679 6505 6730 6920
1293 7655
1093
82 3972
1922 2248 2554
1318 2219 4249 5108 7685
1222
2 2221 3854 5235 6620
1936 4748
1045 7331
479 9985
178 2342 5629 5889 7406
1908 2792 3165 4074 9036
14 3168
398 3692 4314 5319 8089
461 2570
17 3697 4039
41 3137 7455 9125
1182 7550 7986
82 2619
1877
855 2867
1745 9528
1056
1299 4676 8413
541
1330 2201
1255 2783 8330
267 2965 3488 4011 4904
266 5886 9613
2052 2249 8502
503 2718 9228
2066
1205 6782
62 5216
858
2055 3283
2062 2412 6057
1986 2264 2313 2737
1704 2928 6188
113 2835
919 2967
1733
1115 7258 8906
2022 7345 8103 8786
1307
1872 3983 5107
328 7757
585 5956 7355 9074
645 4421 5277
1301 2209 3373 8878
1186
940
85 3726
1090 5905
662 4208
1074 3128 4018 8051
839 6119
196 8217
510 9426
1271 3811 6186 7256
39 6304
1603 3248
742 4887
1083 3055 4102 5109
1776 4008 5154
81 7858
752 4697 5016
245 4989
1801 4833
321 2319 4903 6235
1565
1391 3979 6938
1240 4017
1744 9187
233 6161 7558 8474
341 3778
172 6054
1829 3228 3420 7667
1471 3415 3946 4172 7376
272 2665 2825
1171 2519 6067
2049 9143
1501 3074 3345
1859
1195 6143 7283
742 2698 4769 6614
330 2246 3850 5289
1823 2518 4111 6158 8886
232 3861 8678
1012 5767
888 2414
424 2196 6869
232 2598 2740 3959 4561
1230 2601 9552
1270 2819
1675 2655
1782 3852 5391 6707 9704
546 9680
483 4114 6015 9303 9970
2006 5315 9198
922 4871 6531
796 2496 5035
1861 4328 8146
1443 3379 4409
1181
1218 2208 9110
461 2631 3882
638 3746 8345
915 3276 4418
127 2296
304
277
1669 2284 5255
358
16 3982 4073 4290
1148 7626
2171 2974 3078 4763 6283
385 4727
2070 5118
2005 8569
1982
2105 5563
102
1004
439 4621
217
554 3080 4957
1132
2185
2129 5221
745 2622 2675 3842 5015 6033
260 9267
1058 4051 5523 6748
1627
1187
1526
1233 2258
784 2781 3653
735 4322
2084 4899
1217 6506
2086 2964
812 5858
1910 2385 7403
205 4361 7624 8045
879
1712 4197
1606 2286 2875 3504
1782
1060 3199
1206 8451
500 6801
608 2573 3402 8904
1553 2415 2785 9064
1298
1656 3282
908 8640
1285 2646 5867
12 4140 5373
1614
1416
587
548 5515 6557 7459
529 2467 3812
165 2837 2941 3524 5003
1880
2166 2627 7033 8048 9442
611 3090 4481 4811 9470
2083 6608 6799 7339
2109 2516 7417
1093 3581 4725 4807
1853
329
488 2357 3680
1351 2411
2049 3095
1952 6640
305 2553 5744 6279 8207
2216 8487
1644 4578
258 3481
759 3000
356 3924
363 3515 4496 4507 5201
2117 6037 6989
1292 2545
1751 3975 9732
167 2565
1036 4094 5585 6558
1816 7762 9148
1637
1501
1934 4312 7777 7803 7909
122 3189 5995 6511
123
1229
991 3898
1313 6467
421 6268
1618
489 3120 4568 5581 7538
202 6976
622
1135 2653 4826 6439
2192 2503 8967 9051
1887 4891
2227 3769
887
343 2520 2522 3763
1747 2507 4868 6781 6834
1413 3052 4445 9607
976
1800
1074 4389
1014 4937 7855
2034 5053 7341
2189
1709
1194
705 2391 3544
1914 3253 3512 9292
395 5997
561 8947
18
158 4281 5715
198 8601
1184 3935 4121 4795 6197
1710 2915 6567
696 4922
1165 3042 4330
1445 5608
2077 2830 9703
125 3262 5958 7557
2117 4044 4236
1248
1278 2368 5498 5903 7269
1104
73
1917 3476 4724 5539
2149
541
1947 5939
548 2466 2505 3509 5082
482 7876
64 5177
1295 7526
404 3857
1621 2727 3050 5374 6798
2032 3163
2076
1940 4120 8799
91 7463
999 5650
555 2400
1139 2491
1903 3536 7746
1525 2677 3508
178
876 3108
1587 2863 5132 5392
250
1624 4616
2090 2669
1598 3209 3502
737
235 2880
1771 3100
1669 5112 9371
1207 3846 4145
1430 2734
1424 4273 6458
51
1382
1365
439 4072 4980 5732 6082
63 2884 4323
482
2253 3361
1281 5302 8072
339 5898 6753
1845 3798
895 5316 5572
1043 7260
1112
1573
1763 2869 8836
288
961 6320
2315 5625
465
1975 2731 8727
1443 2437 2476 3789 8748
535 3794
1603
790 4688
1409 3556 5435
850 3407 3725
193 2680 2768
1010 8733
906 3761 7904
963 9156
486 5938
1238 2704 7832 9782
702 2787 2856 8467
2060 2923 4505
2223 5479 9216
1222
1405 3087 6731
1341
1691 2510 3024
1726
2299 4252 7457
1758 9472
100 5778 8092
1377
670 3290
1283 3553
197 3251 8380
674 2485 6692
450
2333 6112
424
1008 8410
1814 9739
439 4820
1829
21
1038 5188 5962
1929 2984 7456
358 6355 6488
394 4557 7551
2254 2883 8584
2116
728 2767 6739
2170
2233 3503 5936
184 2589 2648 6394 9056
729 6584
634 6913
1127 5040 9534
1059 6335
234 2741 3677 6769
2019 4337
1886 3650 6611
1646
1327 7356 9099
1015 3275
1198 2979 3964 5358 5990
1257
1134 2993 4388
189 3144 4101
1030
1523 2468 2771 3814
1455 2517 4306 4431
704
1214 8189
1376 2839
2371 4162 6415
1956 5711
1096 4789
1666 6762
1508
198 8814
732 4079
530
889
1311 6428
1207
343 7473
54 4528
1820 6814 7052
479 9917
633
1470 5839 7236
738 3442 3543
1219 4363
1034 2605 7813 8215
691 4702 6997
979
475
1869 3152 7700 8188 8815
1092 5595
1404 3635
804 3613 5455
468 4963 5297 6830
810 8135
2322 2629 6701
2243 4248 9321
2432 4407
1122
1161 2699 7511 8648 8714
1716 3242 4004 4327
1339
1342 3945 4882 8472
73
1815 2762 4996 5728
2371
1084 8097
476 7709
1881 2899
335 5551
458
613 4404 8952
205 2502 4007 7045
1002 4127 7632 9496
2398 6341
1105 2985 5777 7359 8255
649
340 4861
1486 3435
1528 3810 3928
2334 7389
1616 2942 6535 8603
482
1099
532
2181 6921 7332 8309
841 3949
957
273 3102
1642 2913 3716 4302 5976
372 4878 8375
2483 4181
2284 5072
266 2969 5004
2322 4942
1353 3458
2289 2685
129 3610
698 4254
2389 2724
1054 4142
1643
263
1305 7295
1364 2757 3384
2249
2433 4155 5144
2167 5618
2160 7912 8421
2288
1425 4071
2288 2526 3330 9354
1250 3307
170 2644 3875 4830 8128
92
2522 4356 4946 6336 6495
357
353 6222 9666
1032
2035 5570 6914
293 2611 7245
1924 5158
957 2750
1507 4006 6457
151 3236 3572 5428
866 2697 7682
1879 6273
1049
1789
922
1648
2003 3933
1306 5439 9677
1437 2591 5794
2265 7364
1547 5420 5601 6322
4 6858
317 2926 8225
160 2975 4630
785 3711
246
1465 3767
2257 3105
2083 3516 4622 5300
271 7603
208 2806
1218
96 2754 3053 4761 5492
1207 3510 5264
1064
184 3661
1707 2728 3116
2048 3755 8898
778 4932
2267
2069 3651
1949
267
373
2094 2874 5126
1392 4048
1421 6211
2232 2853 4294 4858 5476
924
1449 2970 4025 4441 5718 6027
1900 2989 4131
1943
147 4205
666 2838 7535
1873 4644
1051 9604
251 2858 2973 6469 6796 7890
1759 3584 5893
801 2794 3665
1817 4001 4847 6585
301 5919 6080
96
1488 8221 9903
2416 5018 5327 6144
1607 2711 4653 5558
2544 2877 3113 4573
1547 2702 3048 4367
1695 4554
1281 2932
879
417 2873 3312
179 3847
2172 4477
616 2916
1211 6074
2173 2937 9725
867 5278 5945
499 3617 4060 6899
1547 3411 9758
2456 3061 5427 8848
771
742 3464 4740
2077 5232 5589 7285
278
1785
2531 3734 5249
491
1513
591 3342
530 2618 6014 9972
1027 7436 9708
86
2615
2098 7343
990 3545
610 3267
2210 3204
1517 6804
1175
970 3675
1806
2246 6302 9715 9745
225 4713 5781
2466 9646
1541 3072 4186
2186 2948 2999 3848 4278
1612
673 2636 3045 8633
1028 6097 9457
1653 3066
2633
1754 3319 4185
123 2843 9582
592 9874
1583 4219 4428 8730
555 8050 9055
1428
121 8000 9957
2524 4224 6437
1066 3664 7883
2237
1384 3620 5048
2416
1627 5092 7992
163 3351 7010
1433
1011 5762
2283 4726 6665 7391
9 6626
2175
1226 9987
228 6270 7239 8636
521 5806 6328
313 3056
1740 3567
1788
918 3630
155
483
2159 5904 7730
987 3151 3751
422 3383 4668 9313 9741
544 2706 8302 9311
2342 2673 6902 9695
875
1198 8044
1115 3198 4457
2669
59 6203 8506
2210 9804
253 5012
2336 2722 4349
1523 6873 7106
415 7377
2377 3271
256
1176 9358
89
1836 5444 8920
2507 3827 4618
417
662 5210 8046
632
1317 5606 6165 6906
2060 3338 6797
779
1710
570 4834
1879 3440 3871 8751
71 3912 4240
634 2925
2536
2165 3892 8743
2470
383 3890
312
2592 3202 3685 3699
1178 2747
2382 2732
521 3859
2668 3170 5183
496 5999
507
871 5841
1097 3703
2590
1876 5803
1155 3297 4677
164 3308 7038
112
2058 5335 7998
1126 4381 5557 8061
2110 7177
625 4816
845 7229
1713 4191 5630 5977
2677 4261 4715
468 3817 4115 4360
2510 4152
362 3954 5526 7120
1533 5419
2327 6887
2562 2760
1354
206 3220 3274
2370
2704
1633 4383
2349 6226
508 3099 9089
650 6228
2117 2983 4649 6454 8960
1057 4896
766 5057
2172 3096 5970 7429
2421 3205 3339 6086
559 4497 5105 8855 9556
960 4652 5368
1989 3941 6098
930 3104
542 3015 8525
2703 3118 6244
1511 5011 5847 7451
637 3139 7197
2533 6691 8021
1608 4736 4886 5965 6849 7562 8645 9709
231
1011
2558 5062 5163 5263 6449
1193
750 2971
2515 4357
1073 4520
1097 9566
2728 3336
1718
2475 8314 8485 9257
1382
254 3190 3328 4260
782 6999
1701 4118
2413 2903
2377
586
657
2432 3966
164 3370
1979 5382
1298 6538
574
1687 6623
1353
580 9951
1135 8233
1754 4732 6572 6598
2217 3866 7082 8230
785 6842
2106 5167 9716
1488
2233 4014 9418
161 5462 9134
2383 7231 8734
650 4995 8281
678 4973
1071 6045
1033
2091 2854
1380
2584 3155
1275
519 6404
1617 4524 7074
1603 2943
1303 8850
694 6536
1601
985
719 4806 4877
1945 4432 5298 9780
1016 3647 5951 9081
2556 6321
1908 3201 5281 6405
1771 3962 8477
1225 4503
345
2061 5396 9569
125 8200
1897 5798
1996
1539 8993
879 3246
552
1836 5075
2174 6868 8909
359 3067
1639
319
132 4153 5047 5807 7575
1694 3038 6189 8559
2159 6654 6960
874
1217 6546 7824 8007
1621 4642
814 4796 5773 6553
2311 4056 7717
1283 2992 5765
1716 3188 8974
1262 4762
1156
2119
2019
2244
2579
2436 3885 4950 8658 9483
1269 2860 3490
1308 3728
1118 4912
2638
251 2912 3489
1369 6824 7194
85
1073 6210 8642
1580
1938 3101 6573
739
715 5272
1475
2573 3432 4045
2792
1419
2383 8307
202 3971
2582 3477 6242
24 6357 7294
2840 3738 8563
1012 4856 8100 9563
442 3214
2339 4400 5378
545
1190 4332 4385
932
2100
934 3363
2365
911
567
1082
2596
2570 3609 7186
2227 8356 9589
1794 8006
2591 3669 5008 8363 9647
1550 4859
1240 6179 6193 7363 8575
2345 5212 9118
1412 3594 6213 9454
2065 5988 9706
2411 6050 8820
2355
1769
1190 3233 3309 4984 7100
338
1849 5964 7962
936
1552 7985
1881
839 5038
673 3292 4176 5460
276 3089 4674 6164 9803
1905 6364
1624 9661
348
1968 3376 3644 5318 5985
2479 6003
614
806 3316 3757 3823 5039 9253
1820 3019 3359
2767 6070 9236
1008
1450 3530 4019 8317
1189 3804 4744
1184 8709
1113 5031
24 3950 7976
1427
725 9042
2844 4255
2500 3177 3787
417
2307 9620
2599 2930 4718 5859
1310
838
1813
1130
1662 9636
1217 4558 5303 6272
2384 3480
1151 3606 8791
2696 8924
2548 9336
1740 4075
2118 4933
1598
2916
909 6638
2594 3430 5510
1174 4514
1183 4041 5620
407 5684 9979
1236
2601 5517 6846
699 3993
943
1805 7026 7432 8468 9425
2244 3135 3717
2492 3652
2798 3272 4526 4813
1943 6706
1992
18
1211 9478
2631
1757 8473
1414
539
1879 4889 7652
802 7512
1096
1640 6755
486 3119 3457
441 4372 7108 8463
332
1320 3889
288
544 4469 7183 7796
1312 8847
635 5973
2221
2107
1769
2120
727 3621 8991
2504
2575 4139
2756 5860
1851
2582 5709
2196
2549 4344 5178 6826
1156
1864 3062
503 3121 5640
2427 3195 3493 6380 6942
1794
1689
992 3197 6752
2737 3550
2408 5901
2486 7116 7227
1297
849 4218 4513
1311 3887 7043
2576 4411 7817 8884
743
1987 4284 7794 9113
2831 4780
2429 4567 6919
1817
837 3600 6424
315 3587 3920 4842
1869
557 4836 9157
2631 8311
2261 6051 6864 7221
1875 6518 7541 8695
88 5525
1472 8324
1300 6289
340
781 6356
217 5528
1528 3995
152 6261 7933
115 3132 8263
1648
1125 4092
508 3301 3377 3683
661
2746
1685 3416
1767 5205 9154
1752 6103
2902 9679
696 3450 9958
815 5627
1104
1331
2389
1498
1745
32 4352 5305 8583
1232 3378 9876
1680 4334
1948 5099
613 3413 4052 5514 9304
963
221
2020 3327 3439 6841
477 8775
236 7232 9429
1128
2824
2023 3773 5402 5587
497 4320 7896 9023
1473
2309
1013 4313
623 4460 4540
2633
197
1335 5687 6847
2592 4376 9386
275 3394
2327
1014 3148 7266
2290 3122
2558
1932
2143 3833 5155 9005
2659 3931 5598
1348 3808
1129 9293 9344 9866
242 8616
1293 3207
2605 7710 8232
2977 3182
1021
375 6173
1857
2635 6455
2820 9312
1072 6368
2057
1856 5106
957 3156 3289
2630 4603 5194 8237
1646 6433
2162 4098 9616
457 4318 7894
1658
928 7852 8900
2196 3744 4808
1695 5664
2206 6154 7755
787
2008 4216 5636 6443
1055 8229
2059 6660 7067
1745 4042 4081 5084 8214
1389 5270 8607
2387 5430 9858
953 3816
2894 3368
2247 3438 7246 8016
2006 4029 4641
1813 6897 9816
1550
1700 5181
2255
2740 4311 5140
1267
355
2735 3125 3375 4148 5586 9324
2346
2849
2499 3145 4474
1816 4046 6109 7523 7619
2745
2553 3513
276
1188 3492 3645 8982
2338 3129
1533 3389 4288 4735
1343 9896
353
1624 8147
2591 4487
1646 6541 6925
1617 3780
2562 3463
1359 5123 7773 8194
2747 9353
2956 5556 6551
2280 8241
2978 7168
3052
663 7090
412 4427
3099
109 3863 7734
1842 3534 4271 6427
2135
3108 3837
718
1149 3444
3010 3749
867 3909
1878
2941 6577
1708
2096
1403 6371
2749 9774
1844
529 7326
756
1134 3507
2430 3591 4227
3102
1277 5340 7115
413
3051 3663 5156 7063
1101
32 5779
2666
2460 3542
1752
1785 4182 5247
2794 9944
3071 4722 6597
1365 4479 4750 5009
52 6017
2025 8223
540 5766
1954 5411
14 9167
2328
590 5817
2091 3745
1723 3535 4910
1689
2092
478
2706 3367 7967
157 3403 3523
1303
1873 4752 6606
183 4848
7
1927
2913 4853
197 3320
943
492 8032
93 3358
3062 3736 8618 8796
864 6115
1702 5218 6370 7481 7783
1214 5499 5930
1419
679
2832
2273 3742 9488
2764
254
1616
1845 6375
1118 7017
2979 4624 8411 8638
1274 8646
2982
2672 8910
2229 5808
1944 5334 5982
2807 5456 7041
2702
1400 4716 8321
2622 6036
2741 8151
1960
3060 4645 4931 8172
1314 7310 7940 8883 9500
2343
1448 7298
1767 3424 3672 6479 7098
658
980 5102
2862 9802 9992
701 3772 5006 5984 8167
758
1876
639
283 5119
2730 4082 9941
368
1121 8158
1249 3921 7823
1235 9879
1764 3495
1064 3818
1748 3607
2157
1019 3963
664 5036 7743
601
174 3506
2886 5813
975
1172 4088 5683
2535 9335
1419
346
613 8494
1168
308 4141 6895 7753
2471
455 5304
1653
463 3642 8496
2816
301 7336
2141 5832
887
1986 8211
2397 3487 4446 9615
368 6251
2300 4165 4353
691
1768 8888
792
1301
1677
886 4090
479 3893 8717
928 5134 8585
2312 8419
229
1233 6019
521 4936 5417
1065
2621
764
1928 8482
1684 5145
2680 3449 5863
2943
782
2730 4390 5309 6761 7235
2426 4359 9000
2188
1399 3362
183
1164
1786 7301 8187 9006
546 7572 7616 9393
2235 3465 4189 7923 7961
2115
1777
2054 4103
968 6432
732 7769
288 3446 6046 7880
3071 3952 5046
2395 4034
742
2893 3520 4199 5989
534 3390 3910 5975
179
447
940 9494
2713
980 8206
305
1492
3013 6756
708
35 5222
880 3723 7521
763
2015 9608
2523 4321 7206 8936
2714 5354
2886 9063
1426 8284
2044 6669
2596 4500 9128
1875
1436 6586 8366
1557 6957
2901 3555
768 3418
2059 3589 7094
2637 3590 4258
3178 6118
785
1599 4080
651 3719 3806 4166
1067
418 7253
1765 7625
3034
2764 7267
965 9633
2522 3433 3551
1128 4123
1541 8163
1478 6945
1385 3511 3560 5229 8823 8903 9271
88 7614 8509
2760
114
2690 7083
2741 3792
2069
1772
2614
657
1504 3380
2162 7466
933
1435 8944
1908 6714
199 6013
179
2650 3406
391 5129
112 7691
1580 5796
1207 3740
258 5423 9200
1437
3181 8289 8781 9493
2902 8686
918
2357 9838
3277 5052
2868
1159 6504 8304
1266 4595 5087
310 4613 5851
3170
3089 4100 5333
688 5136 5329
2772 7181
400 6253
1997 3883
2129
930 5643 9638
3099 5280 8742
2898 8256
3013 5127
3028 3612 7127
2183 6204
3344 4170 4987
1842
807 6307
2667 5750
2515 4559
980 8026 8219
1320
2057 3486 5293
1615 8798
3109
3293 4137
1431 6560
1321 8919
1215 8367
3049 6634
25
560 4655 6382
1457
145 8885
1321
1477
1816
2232
3171
1877 9570
1431 3968 4264 9724
3351 3930 6025
2376
1173 5254 8334
505 5897
643 7069
2604
1962 4245
3031
287 5234 7465
2158 3641 4845
3016 3570 5148 6127 7609
665 6346
3317
1149 3727 3839
2157
352 4207 4518
111 3519 7299
6 6948
3211
1392 4687 8111
1442
1490 4694
1553
1419
2932 7973
1035 5458 8818
2853
3330 4825
1949
2489 3996 7969
1294
954 5760
3090 3517 4371 5059 7547
3034 4863 5721
2694
80 4753
2454 5512 6199 8533
478 4857
3131 7726
700 4839
3288 4850 5395
404 4482 6621 8661
486
3271 3518 3788 7372
3020 6166
1167
421
942 3927 9247
1898 6348 6471
794 3777 5028 5224
1324 4247
2956
2506 7096
767 7891
2038
2014 4831 5073 7448 8296
1143 3762 4298 6453
3116 3649 4340
2607 4032
3282 5654 7214 9337
239 4786 8084
1092 4570 6993 7706 9526
1342 3618 4089 5942
1975 6297 8951
1367
577 6881
685
1048 6659
1198 4760
1223
2318
2858 6353 9752
711
2063 7647
2923 9915
2260 5613 7089
989
1268
905 8988
1102 6010
3387 9126
3251
2107 3756 5203
2844
2840 4486 7068
2005
3107
2979
959 9053 9900
3225
1703 4091 9542
718 9201
958
1887
1895
1189
2343
2415 8205
2227
1250 5110 8941
3232
3143
2336
2322
2559 8402
3334 6952
2300 5692
3105
1152
2263 7546
2554 4908
3438 9597
3449
3422 7766
3292 4709
1069 5961
1708
3171 3894 7102 8209
2244
291 9026 9535
1587
922 7121 9121 9581
55 7271
160
2905
1844
222
115 7438
3127 7199
3166 3626
2335
1388 3627
1682
227 4495 9579
1666 4476
90 6927 7702
3152 6390
2454
2299 4144
2620 6863
1138
1908 8571
1013
1238 5926 6649
2983 3575
3330 8446
937 4154 4921
2396 4067
1447 9451
3316 8621
2375 7886 9464
1362
1012 5474
1335
3334 3580 3714 6502
1262 4187 5909 6889
1318 4791 5248 6930
1991
1405 3896 5603
1420 3774
1228
2660
838
2000
3416
512 5838
2535
1260
1289
3550 7412
234 9327 9963
1302
536
1882 4184
3560 5719 8434
2250
1724
1418 7365
2583
1514 3709
543 6461
2996 9400
789
3318 6452 6821
3319
3144
1392 3654
1496 9510
2881
614
1102 5089 6893
1131 3770 4472
404 3902
960 4843 7874
2995
1678 4262
1528
215 4818
734 4305
1858 5332 8612
2924
3227
522 4198 5702 7519
2874 6478
2508 4498 9274
569 7439 8724
3378
2463
1172
1183
523 3925 8744
2603 6343 7869
3468
993
2647
2968
973
1436
1443
531 3659 5322 7272 8376
3535 4535
3537 6733
937
339 6817
2662 8029 9505
2015 4560
1772 9737
528
1935 5357
2462
697
1592 3698 3750 9738
1828
1197
61 7205
3415
3245 8927
262
2898
3107 3955 8937
1879 4523 5524
2805 4062
1799 5336
3463 6310 7028
2423 9898
2566
2942 5363
2217 3915 4047 4420
3592 9572
1662 5295
250
1879
1103 5217
3625 7000
1710
2561 4116 4426
420 4299 4943 5737
3148
2645
2584
1341
1660 8231
663 5722
2877 4829 5470
1974
1999 4849
3211
1589 4809 8819 9788
1481
2625 4217
1980 8240
2421 4596
1634
1063 7171
2253
2001 4625 6105
969 4175 5312 6334
3013 5734
587 4781
2702 8651
1304 7618
1317 4930 7073 8647
445 3942 4095 6650 8738
706 5900 9798
1829 5968 7122
426 7034 7488
2093 4087 6645
1512
28 5846
1402
100 4614 7897
2095 7275
3637 4701 6519
2702
1392 4471
699
1591 5256 8469
2710
1321 5826 6839 8617 9485
1354 5541 9158
801 4444 7369 9162
496 4707 7482
610 6576
3585
1733 3722
2550 5662
391 4998
1884 5051
3560 7635
900 4280 4488 5026 6462
2500
2941 5896
1246 9456
3323 6720
910 3849 8708 9224
528 6951 9116
3710
3304
808 5741
2376
2132 5471 9044
3419
2841 3879 5599
1086 9085
1509 6566
1983 4851
1527 8130
144 5454
2611 7420
807 6779
3182
759
2860
870
3355
1742 5187 8040
3189 5972
447
3078
3165
2187 8010
1442
673 3856 4135
3132
3637 6717
2666 6024 9049
1521
517 8197
66
2563 5025
3488 4801
2901
266 4983 6594 7889
1889 4852 5176 5856
55 4464 5874
2379
3462 5097
2288
1275
883 6532
30
2552 7934
416
2286 5795 7031
3597 5546 6267
1583 6832
3215
3039 4678 9506
3565
1180
96 3936 5199 6686 8979
3455
2155 4455
192 4382 6836
3115 9989
783
313 9717
447 5442 9943
870
1996
1351 9117
2913
3449 4656
2371 6994 9330
1422 5694
366
3339 5576
1789
2372 5424 5677
350 4773
1370 7698
1767 4329
2360 7615
1365 6944 7617
1811 6765
828
1622 4647 7308
848 5317 6141
2906 5882 6718
733 4200 5021
3323 9351
1622 5023
3057 4608 4977
1886 5623
2490
2139 5121 7286
2243
2006 5330
2432
789 4447 8650
3088 6247
2723
3226 6316
1238 9286
417 4835 9108
1185 4027
1453
2901 6259
1973
979
220
2685 4242 5345 5588
1341
1867
823
1930
1120 3838 4304 8710
3055 4667
1860
755
1659 4531
3129 4938 6992
3832 3978
3419
1958 5033 6568
14
2210 5032 5447
90
1557
1559 4292 4975
2348 4480
2597 4506
2631 6591
3720
2166 8170
1516 5875
2176
918 7576 9097
2086
707 9895
3748
2326
69 6007
2705
910 4800 5545 9390
2168
1338 7134 7692
3126
512 6904
2024 7606
2781 7131 8023
336 6403 8129
1054 8976
817
1883
2694 8115
712 6240
1245
223 4171 4222 5331
2524
1973
1993 6416 9015
206
3728 7605
1316 3967 4038 6041 8239
1134 5801
2186 5195 5257
3372
1752 8090 9181
2839 6263 6845
637 5063 6315
2988 5966 6460
1245 7765 8218
2959
2700 9573 9632
1789 8570 8868
2698 7210
3260
3523 4611
919 4391 8590
3564 5098
1756
2276 8162
992 4569
1252 4924
544 6652
3598 5146 5337
715 4106 7703 9427
304 4717
1625 4375
1864
1057 6986
1390 4914
3133
3293
461 5812 8126
2695 8932
878 7827
1340 6501 9227 9860
3653
1127
496 4521
513
699 5725
2996 6590 7741
3223 8809
1602
1766 5756 7370
2262
3616
581 7656
3453 4158 9018
2490
1990 6607
3406 5783 6588 9468
3056 7378
450
2542
1983 4590 5228 5774
2306 8138
3776 4277
114 8176
844 9842
176 8150
929 9281
2744 6513 8530
3688 4862 4866
29 4083 4223 7327 8300
818 5137
2473
2158 5076
1266
883 6435
2497
2909
1953
3289 5665
521 5215
2725 5131 7446
3645 4962 5432
1999 6674
820 4710 4799 8523
1381 4967
2172 4658 6530
219
1442
2808
3229
2427
1553 4096
2771
3880
3405
291 6883
1611 4737
2857 5580 6040
2082 8409
1437 6984 7342
200
2266 4981
304
1939 5078 6500
3838
2151 8269 9502
342
1280 4473 5805 7599
2194
2125 7712
698 9697
1839
1033 4023
1568 6856
737
131 4422 4917
384 9388
64 9670
786 6378
2938
760 4212 4728
3008 7243
3435 4589 9345
1465 6296 7872
1491 5070
822
24 9309 9701
2585 4117
176
1723 5659
2471 9479
61 4214 5100
2534 4583
2483 5508 8595 8666
2144
249
241 4239
2107 4985
400 5175
1709 7490 8353
2785
861 5005
1992 4393 9349
2152
2135 9519
2905 7471
1003
348
1843 4297 4631 8160
3986
1195
2575
702 8152
3821 7596
954 8769 9961
3091 6492 7354 8088
546
707 9017
3464
325 4499 5655 6840 7548
3290 5240 7300
705 5495 5615 6468
1425
1016 4263
3880 8454
2095 5407 6559
1841 5590
2934 4213 7930
3085 8125
916 5489 6923
2313
2853 9520
3103
3653
2571 7093
143
1649 5707
2212
3031 4423 4685 6294 7289
1917
808 5727
1281 4821
2830
756
132 7928
166 8325
2603 9083
565 6823
3647 9881
1595 6655
1375
882
476
3553
1815
470
2013
2521
2354 4556
2194
2091 5647
2927 6996
72
833
1920 4366 8899
2443
3322 8098
3085
3220 5202 5520
3943 6001
1083 4450 9290
1224 7381 8404
1683 5448
3692 8718
3235 5500
3468
3259 4990 8022
3496 5243
3012 9700 9857
1589
2268 6400
3688
3965 9244
549 5172 5564
3074
1367 4161 4734
3368 4660 9389
2430 8389
2143
3285 6099 7172 8614
413
1267
3903 5923 6245
1356 4650 5182
214
437 7282
1611
2167 5209 8529
568
826
2178 4947 6170
2723
3661 4257 5797
4001 5027
2766 7485 9731
1119 6884
2330
2306 4745 5885 7694
1566 4203
3331 4169
1113
1320
1570
2484
1011
744
197 6347
2576
719 5380
302 4256 8581 9076
646
3748 6402
1662
3390 5748 7960
1317
2970 5575
2238 6549 7242
3241 7425
2511
1212 8934 9984
3544
2348 6582 8340
1232
1214
3099
910 9614
1113 5276
1956 4347 5566 7559
2724 4928 6571
2823
3552
2517 7193 8689
246 4190
517
3927 7452
2064 4425 4934
323 5418
4099 9855
2437 5239 8797
32 6185 9486
1286
3253 5153
3323 5323 5521 6569 7722
237 4466 7092
1848 5469
4123
3380 6711 8800 9347
3874
2158
1248
1430
3682 6735
2893 7475
1328
1640
1238 5042
245
2502 4733 7591 8670
3154
1816 4434 4693 4844 7838 9768
3579 8534
2637
2630
3561
1850
3282 6155
4156 5463
2721
905 6413
444
101 7774 8589
1972 8445
171 5941
2226 8442
3608 8867 9465
3292
3805
136 7418
138
4122 9550
1150 7020
2578 5607 6396 6676
695 5612
3421 6941
2134 4394 4438 6258 7666
1367
417 5866
1662
3994 4293
4041
4005
404 7895
3082
3675 4730
2987
2640 7905
1070 4317 4336
1930 4659
3874
3943 7164 8374
2644
1675 4720
41
3144
31 5891
661
33
663 4574
23 7024
741 4626 5633 8497
1418 6699
1330
2313
292 4405 5597
982
4010 4530
2695
540
3827 4784 9800
1632 4646
553 5831
3412
1809
3456 6249
2467
2084 6844
1850 5944 9164
1927
2391
857 8155
2509
2912 4817
4133 6670
4116
3319
240 7268
2764 4627 5061
2722
3601 6180
4037 5165
3405 4491 9524
1439
773 4683 6683
198 4283 7136
391 5227
1612
77
3127
1601 7800
2350 8554
1681
2024 6833 6964 7036 9027
1644 5910
3936
2631
1414 9229
3715
2304 8551
84
4267
2991
1232 5519 7638
240
751
3109 5772
1212 6293
2194
287 9631
3845
4212 5350 7587
2573
66 7665 8236
730 7676
4022 9041
3462 4510 8761
3662
1014 4643
12
2500 5180 7157
1545 5080 8276
3832
3604 6498 8201
2433
1249
1639
60 9129
1736 4475
3096 4875 8164
2272
3043 7375
2093
399 6441 7091 8853
1564 4632
4220 7105
3075
1354 8066
3040 4884 6503
3307 5537
2218
2355
1390 6802
1516 5267
398
2471 8349
2182 5246
3797 4517
2309 5703 7428 7975
619 8513
2865
255 6525 7411
3029
461
4220
2422
833 5641
1644 7450
3463 8794
299 9235
770 6872
1574
2975 6708 7622
1288 5954
1087 6493 9575
4151 8728
714 6773
2677 6928
1335 8512
287
3027
3253 8764
463 5952
1871 9662
2526
2757 7468
1988
3275 7357 7553
2723
2224
891 7262 9252
2455 8020
1122
1101
4078 8556
2592 5790 6808 7941 9210
1366 6280 9401
699
733 7529
3438
2957
677 4452
279 5200
3905 6224
3048 5845
1799
509 8526
1018
1728
2717
3779
2733 9119
1040 5535 5827
2865
350
1018 6340 7737
2429
2293
3274 7686 7728
3895
1612 8287
4016
4208
1575 4412 9263
1716 4504
1525
1044 6089 6922 8382
66
2863 4547 6738
1623
2000 9086
907 5269
2482 4876
4237 7238
1559
2468 4551
1123
2183
1900 4601
2989 9447 9977
4395 5384 5426 9009 9047
1608 5058
2075 8222
257
2030 4522 7720
6 6030 9481
2188
1271 5848 7549
3653 5338 6494
2128 5019
3989 8893
4052 7679
556 7315 9322
4159
3661 7387
3124 5504 5628
2640 8905
1832 9559
1803 4742
2433 5472
2804 6795
1187 9437
4183 9070
300 6420 9565
368
553 7761
4208
283
1958
2575
1169
1410
3706 7748
2290 6389
3251 5174 9527
3815 8869 9396 9413
119
2041 6732 8308
4084 9282
373 4597
4373
584 8116
772 6330
3778
598 4609
2672
1078 6589
2069
3044 4911 5971
1413
942 5552
566
3760
391
4167 5077 9993
1286
187 6183
2961 5669
1712 7319 8031
3700 5678
3597
3981 8629
3102
4310
3540 7835
2598 5128 8258
1592
3157
3846
2247 5776
3447 6973
358 4666 7053
878 5184
920 4952 8198
3490 9887
3113
3715 9765
486
1491 7554
4264 6724
1964
166 6618
1053
3539
2263
2742
3610
4033
3312 7144
993 5501
620 4846 7480
2809 5729 8002
4396
2384 8427
3847 6395 8739
2263 9763
846 6145
370
4298
1926
894 6564
2987 6149
2933
854
594
4329
3421 5918
1202
2758
3917
4416 5321 5536
3646 5884
2797 6376 6851 7203 7217
242 9352
2943 6241
2055 6876
2449 4592 5648
51
4239 6100 8628 8677
3836 5758 6076
253 9220
1054 9681
1194 4600 4951 7110 8280
3626
1475
1359
508
328 7042
3044
442
964
1332 6061
1200 7133 8644
1082 4965
214
4400
220
149 4765
1153
4407 5328 5401
1168 8003
202 5388
2593
752 7397 9058
4072 8113
2410
2922 4774 4888 5320 7255
3384
3631 5211
2172 4602
1815 5453
619 4964 7567
449
560 4661 8682
1069 5250 7216
2993 7959
2280
3899 6312
3467 5998 9761
1473
1687 6422
2591
4231
1075 6303 8657
794 4663 7914
1418
2259
1672 5611
1946 9215
1890 5792
586
4006 5088 8145
49 5251
1713
1890 6064
1784
1870
3996 4767 9411
3934 9300
1
4528
270 5475
280 8203
3365 8673
3677
4451 4783
447 5742 6806 6912
1713 7846
4534 7513 9175
4410 4628
4561 6646
3072 6693
1898
1779 5186
1580 5822
1332
3808 4759
4456 7865 7921
938
3894 7149
560
3366
3696
1307
2341 6811
808
2685 6963
862
1933 6401
2204 4864
2554
1843
3195 6055
3681
4233
4260
4601 5285 8227
756 4994 6555
2549
4022 9170
4316 5091
1546 9467
63
1258 5117
659
570 6644
1040
969
1952 7353
3091 5596 6350
2828 8620 9112
4300
2580 6953
3207
4243 5816
3802 8790
1286 5103 6150
2737
4107
1884 8694
2743
2590
1224
3396 8483
3788 6700 6812
1899 8099
3959
4221 5372
4100
4565
1177 5969
4576
1762
247
4483
3833 6499
2667
1687 8437
592 9541
361 9270
1160 5850
391 5994 7600 8396
2894
1048 4757
2103 6949
2713 4815 5746 9101
3773
1270 8443
1840 5386
190
695
4266
249 4777 6342
4052 5346 9153
349
3425
2374 6215
1654 9197
609 5708 6265
1471
944 6020 6470
4183 9052
3427
1984
299 5578 6102 6894
2146 6658
241 8489
1225 4819
635 4892 9082
3698
2457 6156
942
1653 7715
315 6974
228 8455
3707 5133
896 6169 7424
3520
3957 7461 7663
580 5138
1200
2628
1812 5185 7718
2722 7270 9584
3203
3904 8359
2916 8354
1127
4225 9350 9841
952 5446 5815
3156
892 8277
2318 5639
2250
2653 8643
2197 8953
3994 6946 9480
1820 7650
4217 5369
666 5925 7708
2780
4181
4099 5208 5233 6758
3109 6002
2751
3970 9797
926
1768
2607
614 9283
4430
1082 7066 7434
2906
4121
1827
552 6704 8452
2087 5377 9240
914 5343
3157 7467
1658
3173
3441 8011
1709 6122
783 4855
549 6743
4675 4772
102 6522
4608 6418 7885
3474 5733
2558
2833
2196 5485 7215
360 7408
4549
692 9643
4589 5667 6554 8532
911
2165 8001
171 5745
2024 7158 9507
4757 4913 6548
3795 6617 7704
4558 5759 5861
1878 5406
1703 6326
4684 7840
1959 7476
785
2992
3684 7644
54 9617
4597 7510
4242 5872 7237
1595
3466 9863
1203
978
2439
1340 6264 6642
3562
1691 6482
1942 7311
516
2306 5226
2829 6476
1320 7119
1842 6000 8619
3957 5600 5892
3860
3756
1120
1926 5730
1967
669
2803
2250 5193
3078 5468 8056
3673 4988 5789
462 9306
2247
1937
2943
1357
4677
2719
4255 7137
3603
4699 6497
2404
4055
1809 8722
900
152
3433 6236
2283
1010
2023 6712
3669 9004
2524
3461 7589
724
2148
2693
3820
2998
1064
43
3445 6365
922 6281 8246
2063
2996
3599
4183
3415 5837 9777
4502
2585 8339
3174
3671 8524
3446
3731
3759
3177
1566
4755 9911
2861 5020
3443
2573
2878 5749
1552
2488 4961 8013
3942
3439
4621
1206 8102
3942 5726
1780
2289
1685 5284
939
2180
1145
347 6016
1892
4311 9954
4404 5770 6790 8864
2803
2501
1753
593 5050
953 6595
2473 5465
1971 6256
4320
1763 7943
2751
2142 5252
4558 7903 8436
2952 8318
246
2285 5348 5890 6653 7415 8703
4700 6477
525 7323
2036
1736
2738 9696
309 6721
1838
2219 8441
1366
321
618 7862
2149 9497
2107 8531
849
1452
955
3516
440
3166 5488 7352
4460 6308 8639
2842 5151 5225 7233
4772 5753
3908
1027
106 9299
3989 7318
1287
1558
784 7380
3552 5814 6125 7545
2308 6285
218 5688
3900 5577 7280
240 7135
1349 6214 7672 8417
908 5948
4152 7913
134
3687
3207 7520
2564
2928
4159 5834
1427 8816
3265 6171
2294 5530 7723
3837 7636 9821
2052
612 5935 8573
1880 5189 6429
2505
3662
1234 7822
1578 5579 7944
2526
4114
1228 6130
1949
2839
4534 6723 7825 9801
4485
627
1185 5198
1998
1288 5836 8828
2206 6182
73 5339 6579 7209
1742 7735 7947 9554
451 7039 7563
4861 7166
3955
2464
4563
4545 5518
1574
3958 7588
1923
930
2015 5584
1175
596
2789 9315
723 5122 6968 9691
3845 5568
1250 5788 8789
3808
354 5949
840
2354
3975
1988
3758 5065
2886 9511
4011
611
3380 9629
4809
2147
4090
1437
726
182 5115
4629
2788 9815
2475
918
3712
1331
1634 6860
1875
982
2244
2504
4015 5287 6084
3215 5141
1140 5614
2877
3157
1891 5344
2748
2676 7851
1799
1586
2210
2146 6647
1115 6255
2589
4421 9387
4856 9525
3805
986 5436 6223
3807 7996
1439 5522 9376
3755 5045 7683
3715
4117
3455 6663
596 8149
216
2908
3842 5408
3840
920
2181
3230 6075
171 9073
2892 6146
2901
2419 5307
318
4179 6609 6903
1
680
5025
3289
2823 5881
2647
1752 5253
4880 8602
3713
3362
2295
1949 6689
218 6081 6377 7988 9742 9922
997
2739 5414
4413 7571 9571
3438 8630
182
4260 6627 8424
2754 7892
3886
1178
4983
908
1636 6140
1680 6508
1398 7075 9365
3998
1842 8385
2503
3461
1510
2818 6962 8397
3946 8939
4466
3977 7637 8655
666
4303 9668
1521 5296
2322 8357
368
3085 7725
689
1472
3365 6262 8763
4583
3596 5111
1434
4632 7537
2649
1465
820 8736
1696 9449
507 6757
3762
3896 6705
3030 5367 8503
4005 7501
656 5164
3213
4648 5804 9011
446
2742 5286 8921
3070 6835 9310
2125 5921 7163
2084 7095
2143
3505
5089
2347 6135 7613 9623
1031 6489 7598
756
4993
1841
4635 5880
2198
3219 6058
1839 6472 9585
3811 6107
4974 6562 9173
3117
1851 6892
1607
2570 5763
3377 9477
4477 6890
3352 5605 9586
643
3954 5751
2339
4707
3261
212 7344
3369 9048
3944
4711
1865 6282 8511
3096
5006
660 5179
1898 7738
2517 6291 7009 9868
3270 7870
3902 5266 7014 9419
826 5571
3416
713 5853
1237
4912
381 9111
4165
2144
3055 5355
3148
575 5409
2532
1509
1994
1524
1691 9959
2754 8243
5101 7566
4263 9391
32 6286 7279
2783 7568
438
1879
1057
1230
4097 8012 9590
1305 6178 7055 7981 9131
4446 9238
4012 7088 7884
3759 6958 8622
2324 7416
2975 9404
5142
4302
3094
4107
2706
4484
4714 5843
4605 5484
3741 5663 9498
2407 6480 6734 6786
4941 6299 9237
741
1135 9482
5
4807 7830
3072
3882
1775 5464
9
4954 9682
3776
4374 6386
2263 6147
4082
3488
1365
3017
369
604
4734
4111
2687
4560
2880 8224
585
469 5878 6874
3953 8942
2113
3658 5534 6220
3184
1894 5231 7077 8674 9231
1643
2209
3303
1121 5644
3455
4912
4795
4268 6383 7674
3934 7739 8998
3334 7731
1792 5271
5219
2608
4734 9790
3414 5433 6671
2086 7462
944 7493
292 6172 8917
413 6052
4162
4034 8196
351
449
4091 5700
767
1701
4328
3154
3562
2611
4566
4584
4887 6787 7584
5049 9530
3408
2192 5754
3702 9448
3882 8259 8984
120
1507
1244 7022
834 8199
880
2754
2559 5978 6059 9593
1458 5981
5146
4325
435
4403 9178
3086
5230
2851
1598 6854 8793
1817
542
4150 6936
2128 7305
2602
1462
3375
2807 7165 9433
1731
1673 6870 8272
4869
4628
5105 6803 7322
5005 7046 8808
1915 8606 8956
2166
55 6722
1180
516 9894
3387 6448
1242 6339
3655
5081 6120 8120
2464 6434
2804
673 6850
2554 6563
1972
2358 5548
2922
3243 6780 9945
3027
1634 9202
5040
1772
3274
1854 6205
1057 7049 7309
3682
1368 7427 8328
646
2179
2361 9503
3803
2898
2093 5553
4558 7518
4522 5457 5785
3625 5712
4166 9232
1600
80 9793
1815
2589
4551 7582
3369 6725
3813
3874
3605 7187
3368 6110
3200
2716 6276
3648 7507
3902 6465
4420
4958
3146
299 8833
1399 5416
4749
5010 6004 6635
3827 7202
4685
1322 7200 7887
4891 5864 6374 8894 9475
907 9363
4293
2018
1267
16 5668
3308
5155
599 6601 8109
3634
2427 8783 9180
167
435 7556
517
1990
3652 6789
422
1487 6521 8989
78 9439
5099
2743 7767
4730
713 5561 8705
21
4659
2238
2327 6791
1932
1283 8247 9450
4748 8118
2863
1388
4132 7118 7145
1188 9317
2773 5542 7799
1560 7867
4412
67
4680 9316
1028
4553
1889
1289
2176 5507
2339
384 6905
1959
3446
2811 5960 6444
439
1831 6419
1685
2055
4551 7431 8238
3039
961
319
1203
4775 8313
4039
5032 9673
5157 9865
1752
3161
18 9718
1102
5057 8244
67
5342 6792 7244
3265
4160
2726
2546 5466 5959 9211
855
1346
3356 5481 6524
3794
1595
4412 7659
2605
2535 7669
561
3087
1625
3955 9536
5234
1159 8490
2375 5929
5022
1305 7990
1553
2543 8561
626
674 6232 7916
3783
722
2684 7313
100 6287
4721
3842 8829
4086 8963
2072
331 5720
63 7839
1214 9307
4562 8294
3733 8933 9239
2463 7642
3201 8843
5321
3431 7497
321 5538
2893
624
2786
4190
5196 6026
4882 6512 7965
5420 6979 7984
1165 7815 8139
4808 6783 6900 8517
4168
3669
3726 5739
4431 9369
617
3558
4593 7687 8332 8610
2573 5621
110
1559
2385 7506
1305
5423 8293
1813 8071
753 7080
5186 5747 7252 8480
4763
1219 7661
1796
4910
4043 6087
540 5554
1549 6583 7629
2558
6
369
4035 6431 7351 8400
664
183
2315 7162
3185 5902 6275 6911
4088
4501
2057
1651
4427 8580
770
504 5705
5391 6447
4007
529
2932 6023
1458
3442 6747
1724
3031 8777
2242
1555
2937
4965
4285 7170
4082
4166 6624 9864
5024
2212
3646 5680 7400 7900 9811
3002
2725 5924
850
3007
747 6604 8839
4937
666
100
1868 6148
5217
4384 6550
4522
4321 8862
5459 9642
2318 6332
181 5602
3705 7536
5382
1325 5946 6248 8348
1398 9652
3860
3770 6231 8987
134 6451 8851 8926
5302
1522 7945
1101 8802
2480 6935
4462
5319
5490
1451 6983
3119 7807
2717
2590
709 8035
974
5370
1885 9594
2201
4097
182
4151
527
4975 9191
1628
2530
5147
2361
870 6290
351 8740
4139 6391
3792
4924 6399
4696
4945 5854
3971 6123
2280 5691
1623
1412 6602
4970
2268
3099
3039 8335
3827
2608 8624
4040 9218
931
1968 9012
1075 7070
295
2461
4641
4237
3056
3728 7430
4799
2546
5540
3564
1912
5129
2689 7908
4205
2310
284
830
4579
4206 9171
3481 8564
5007
4035 8254
122
1173
2518 9712
707
2934
5476
719 7787
3809
1147
2368
1141
3021
4427 5690 8929
2090
2721 8729
866 7401
1643 8486
4233 7228
1562
1014 6543 7084
3082 7745
488
717 8416
4724 6694 7950
2978 7025 7841
4338 8320
809 9243
3374
5223
1998 9678
1994
4074 7140 7460
4528 8539
89
2332 6134
302 8347 9962
1080 8112 9032 9155
1610 6837 7249
3465
4033
1463 7893
883
282
4003
782 6737 8574
1839 6162 9399
3711 6319 7590
5187
3079 5697
3952
280
4767
5353 6487
4469
987
977 8015
1757
290
1196 5681 7173
15
1758 8179
3794
4471
2079
5524
5674 6574
618
3235 7414
2935 9169
1311
403 6991
3047
4923 7620
1678 8027
5628 6552
5581 7259
3512
894
3790
433 8510
2034
5664 6358
1423
1748
5243
648 6442
3608 6616
4330
357
5506
997
4050
4690 9432
2973 9819
244
2438 5913
5322 6327
832 7011
483
2304 7447
1152
571
2575
3580 7248
5450
3439
3668 7306 9743
577 6114
1732
3919 7366 9460
4866
4054
2475 9221
4503
4803 8649
370
2354
4760
3683
1782 7423
497 7402
3662 8425 9186
1727 7374
5471
1080
3724
4598 6820
1963 7368
2257 9250
4770
4677 6605
5484
4137 6029 9392
4859
3383
5131
580
4913
5255 6117 8285
1581 6133
3923
443
4531 6695
4774 9893
3437 5928
1785 6195
2652
5126
694 8273
2831
3160
2169 9730
827 6862
1363
4876
1972
4288
2829 5818
3934 7099 9875
889
4481
2486
2393 6216 8014
3150
1929 6785
2628
1895
3930
1707 7373
5321
569 6950
1506 7107 8351 9694
4976
4809
4367
365
4581 5963 8319
1090 9075
2544
3769
3354 8342
4116 9946
2813
1029 8361
871 8370
3881
252
2712
5103 9720
3981
2658
2823 9906
3199
1275 8407
95 7421
1444
3911
3233 6998 9453
4921
4721
4646
3164
5773 7926
465
1558 5932
363
4606
987
694
1490 6943
3704
4384
115
1240
1658 7128
4244 7968
3248 9744
948
4934
603
4956 6545 7782
4845
3571
2453
1503
2709
458
5185
895
4376
3694
2748
4419 6126
208
4672
3366
1929
5149
5579 6440 7044
408 6367
3759 7111 7261
1303
2222
2916
2971 6556
4774 6877
1880
3271
5348
488 6520 8754
4210 6048
2237 7937 9008
1593
1049
1285
295 7524
4784 8388
1814 9331
3760 5934 7790
3851
8
2028 9067 9438
5214
1123 5912 7594 7958
5117
5047
3804 7864
1154
4523
4121
2108
501 8957
479
2090
4891 6168
4228 6194
4799
2583
1859 7201
1491
3717
3409
2359 5907 9137
1699
3689
2984 8716
5499 8250
2315
2665
2133
1209
5898
228
3561 9422
4276 7392
421
5879
5711
1367 7675 9109
633 7540 9206
1345
443
4518
2586
1961
5107 7957
718 9640
4106
5526
4731
3549
903
5760 8406
5435
3185 6372 9551
1823
5820 7474
146
5874 7180
4940 8568 9333
2415
945
2381
2321 6092
559
4196
3468 8052
1775
4250
2602
5543
916
4927
4978
1506 8423 9692
2805 6337
4354
1692
4345
1464
2127
396
2312
5420
5396
3521
2407 7296
5792 7047
2888
2751 5983 6770
3887
422
3690
4662 8134
2740 7006 7407
4460
3742
2963 6822
1575 6323
3293
2500
2721
5264
1325
951 8625
5265
3200 6673 7970
5965
3215 6212
2898 7334 9144 9650
357 6301
718
2882
3292
2427 6108 6398
723
1028
716
4673
2273
1435
2301 8544 9824
4570
2707 9839
4798 6450 8702
4083
4735 7346
2899
5344
1962 6965
948
3858
1847
785
3485 6093
432
2023
3349
2615 9770 9837
2178
4873
3158
101
3264 6152
4692
1496
312
5510 9339
3751 6751
3406 8822
5464
2575
1547 7148
5748
4417 9529
150
1339
2210
1686 9751
467
3204
2264 8401
623
1717
3971
3880
1572
1843 6715 7681
82
2790 6729
3288
43 6745 9814
5866
1591
2883
3000
5238 7277
657
2156 8466
4624 6486
560
2116
5119
5264
126
4543
2057 9982
1484 9671
4586
1370
1862 6880
2160 8478 9380
827
271
2903
2053 8652
1301
1995
2600 6176
5036 8538
4531
1565
970
978
2586
5055
2354
945 9092 9910
5005
427 9443
2741 6843
5489
1475 8371
4398
974 6393
1693
5939
6010
748 6740
246 7037
1712 8190 8395
2634 8384
2744 8812
4103
4530
1412
4696 7317 7826
3018 8265
968 9820
3681
267 6124
5121 6331 8105
5990 7907
3103
5333 7533
217 7486
2400
1941
5723 6561 6600 8394
3183
487
5754 7394
3320
2136 6177 7771 9273
5296
455 8887
4754
5580
6106
4921
5848
3416
253 9484
491
4948
1947
688
5755
5650
5112
1636
181
1393 6306
1861 7585 9030
5067
3803
581
2164 9421
2589 9513
4508
5038
5201
5533 7873
4513
4648 6361 6831
286
6019
1413
3080
4189 9230
4702
1167
2167 6754
1234 7314
1516
2154 8752
5661
767
2894
2689
3450
32
5890
4708
4114
4936
5237
3064 6537 6771 9913
1923 6990
20
6074
6119
5173
2879
4262
1762
4957 8778
4468 9888
15
4163
2139
760
2118
2824
736
548 6637
1158
2879 8784
5891
5761
223
2306 9856
1952
3442
968
1864 7347
1264 7003
2674 6369 6931
3379
5310
1703 9196
636
544
1549 6233
2847
2572 8746
5984 6277 6436
2881 7129
4926 7573 9587
4688
5778 9010 9039 9195
694 6703
1647 6934
26 9377
5217
1656 8859
2528
5022
4375
1407
2734
917
2736 8908
236 8253
675 7169
5546
5441
6209
2012 8519 9937
2149
4825 8871
274
1399
1789
3872
4526
2858 6716 6763 6924
1210
2747 7920
4106
1515
3816 8540 9332 9807
5543
4247
1040
3252 9495
1606 9266
3371
150
5017
4883 7643
1965
4208
3823
1871
3009
5087
3885
4790
4690 8433
973 8260
3770 6926
2278 8801
1233
2657
143 8360
2922 8542
2537
1960 7333
5499 7325
5335 7980
6212
1592
2257
4368 9343
4840 9020
5139
2196 9308
814
4922
5166
5445
1883
3004
5573 7611 7922
5144
443 6528
4289
4052
909
3997 8578
3469
334
5189
1549 7058
5986
2627
4575
2140
1854
6138
3382 8399 8772
4911 9935
1755
3649 6329
1472
4569
280
697 8245 8323
3886 6907 8303
3818
1265
123 9926
5662
2367
2806
2546 7657
5974
1916 6688
878
4776 6373
5712 8299
2658
6310
4454
6107
5539
154 9674
3682 8266 9289
2420
2526
5951 7866 9966
1030
5294 6702
4387 8527
2485 9537
4684
3617
1031
11
3417 6853
4130
3454
915 7419
4641
1074 9226
1993 8087
3477
1138
2409
3006
2859
5697
20 6510
358
6150
313 8392
1845
2895
4839
1981 9755
5855
3068 8891
6203 9222
3184
3138
5930
6326
5348 9713
3193
4524
5055 6959 8679 9576
3992 6466
1328
2979 9291
1141 7240 8699
3396
5227
749 7410
1015 9054
5200 8535
820 6784 7054
1176 7801
4445
3542
5575
480 7103
6090
2416
4506 9115
4205
511
5990
5577
4094
4620
4135 6939
3867
2796 8759 8992
2807 6971
1414
427 7426
272 7050
16
506 6425 6565
1592 9955
1535 6509
4192
169 7808
2437 9602
3877
906
4759
5398 7917
4435
1410
4572
714
2995
6410 6446
1670 7076
3127
2446
4941
1381
5495
3286
3073
5297
3948 7048
6212 7335
2644
830
2283 9625
5854
4315 6777 8038 9939
5701
3082
5396
870
6425
5507 6972
5293 6615
2754
6000
5547
3589
3462
2737
3066 8086
90
2534
2350 7853
863
3887
3586
3715 6542
1000
138
5337 6885
6378
2277 6639 9831
4035 9877
2582
4692 7760
3454
5120
885
943
1009
4796
4892
3609 9733
3211
5188 7160 8964
217
4792
325 6937
1875 9014
959
6055 8067
5668 6636
2409
5113
1133
267
4029
4346 6828 8946
4420
2526 8774
1497
4819
4305 7929
4667
3977 8461 9214
3914 7781
3560
4320
3364
2079
2220 8440
189
5068 6871 9428
6412
6359
2273 9069
5465 6628
3941
1831
1773
1807
1290
3001 8169
3698 7925
5865 7608
5365
4758
1930
5423
4333
885
242 8049
6292 8732
1231
3959
2180 7560
3765
977
691 7578
2492
2800 9161
6173 7449
2774
432
455 8707
3114 7384
6462
5635
1107
5836
2827
960
4772 6698
4140
5535 7714
3119
5690 7012 7784
2829
4767
4629 9095
5860
2242
2268
4039 8515
3391
6114
5122
5300
4512
6410
3730
2307 7035 7234
3840
4166 6578 7901 8928
216
4152
2780 9621
2849
5681 7264
1712 7147
3708
3135
6569
4958
855
770
4145
5491
2417
2585
3314 9669
1746
3930 9176
4458
3920
3848
846
55 7008 8566
3758
4881 6981 9938
382
3156
2780 7744 8787
632 9885
6114
5356
5583
714 9516
5529
5746 6818
3173
3929
2248 8136 8369 9690
5042
730 9106
2423 6630
720
1488
2165
6448 8940
5702 7918
4773 6681
4493 7792
1509 7871
2086 6766
3447
1349
2776
5521 7509
278
2654 7991
5061
6512
16
6611 7570
813
724
1750 7016
3394
5344
6487
6191
2931 6719 7492
6467 6898
2256
2009 6788
4790
1741
4637
3692
4602
5016
1195
3549
3688
451 8653 9867
3901 7453 7525
4891
2825
4063
1868 7857
1892
4697
3473 8860
3084 7361
1908
34 9609
5028
787
2653
950
191
1756
3311
4256
5234
118 8386
5982 9754
3956
400 7478
4205 7819 8626
453
1192
1662
646 6727
6617
1919
4266 7630
1374
1832
3776
1713
6324
5054
771
2750
2398
4603
5639
5758 7517
297 9578
1219
6548 8344
4234
4656 8857
2466 7927
6339 9826
6217
4747
5098 7935
2944 9641
2176
4344
913
925 6918 6980
4170
4828 7678
339
3348
6043
6242
3750 7483
3804 6800 6867
6638 7963
3719
4897
5290
4951
4491
5329
1477
6680 8706
460 7117
6045
2079
2387 7527
4449
3627
5188
4175
1950 7673
5660 6857
4400 8226
2413
6094 9328
1078 6819
1256 8378
4756 8495
668
6047 8995
1933
5512
2212
49 7544
2078
6024
2982
2359
6158
2955
3301 7195
5096
4734
1080 8586
1854
3274
2440
6242
364 9663
3800
6620
1378
40 9423
2421
5965 9471
6173 8758 9727
1611 8994
4348 7320 8858
676
1201 8961
1428
6441
525
3735
5304
2289
2112
5468 9434
6387
5780
5188 6967
5252
6641
5363
4876 7732
5374
5416
501
359
4432
2582 8845
2690 9809
2327 7724
2248 9357
6718
2231
4324 7454
5286
2623 9078
1463
4598 9687
1927 9936
4367
280
90 6848
4616
4656 7109
40
2450 7705
1218 8810
1735
3629
6605
6741
5742
3589
5973 8132 9942
4061
2845
1303
2975
714 7942
6493
393 8999
2464 9446
6150 7845
3771
4275
2289
5106
3779
5653
671
3704
4033 8697
3034 7071 7489
2782
6086
4249
3885
2937
3047
6810 8228
2751
5299 7060 8422 9702
4524 8073 8465
427
6346
5273 9847
1006
3987
6737 8312
2547 7477
1345
5000 9473
2050
5768 9779
3545
3000
866
1033 8572
6718 9603
2819
2171 7772
5283
6508 8892
4342 9320
2678
5214
572
4527 7316
5861
476
1068
6066
3471 7689
802
3969
4119 8587
6465
1949
2727
615
3561
5128 9544
1608
5124
3596
4696
3241
1365
3092
6639 7868
2603
5468
1500
2669
5042
3864
5393 9165
2689
6315 8432
883
287
1040
5499
4598 7742 9462
2418 8124
2530
2004
48
891
6710
2993
2079
2496
4398 9305
4043 8168
6242 7684
3114
6267 7770
3541
4349 7955 8548
932 7062
3562
6203
586 8096
29
6218
5551
5276
6483
2151
6402 6954 8008
1911
4207
2979
5825 8592 9346
3799
3333 8715
4728
697 7502
3423 7004
4676
5786 9967
3721
3511
4644 7360
6939
1803
12
3315 8582
5176
6377
2825
395
5075
4618 7539
4275
6005
1054
6786
4974
281 7027
1493
6405
6447
4482
4705 8373 9035
1841
2281
1928 9260
1149
5466 7097
6710
6595
798 9606
5555
3973
1840 8257
3907
1566
256 7207
2264 9873
6174
5686
3837
3467
3789
288
4075
2457 8033
5813
2765
3659
663
1940
6202
6948
271
5970
262
6593 8803
5144 9630
2650
5713
6552 9736
1397 7919
5146
976
6633 9166 9279
3194
264
1977
4204 9619
287
5260
607
4232
5640 9886
2940
6969
3649
757
1386
3769
249
2246
3691
6567
4275 9374 9830
6095
2714
4960 7627
73 7750
3201
4539
2988
5854
2483
5287
5963
6435
5311 9120
6408
1279
2450
4483
6387
5173 9508
518
11
6300
1365
6850
734 7487
6929
3148
900
110 8966
4743
3084 8408
3490
3410
5593
6841
66
3687 9397
2797
5069
6426
5219
1136
1439
5483
550 9994
2781
3338
5635 9207
1437
1607
1954
5175 7514
3481 7688
3123
4315 9759
4167
4048 9947
3318
5108 9928
3458
6979 9889
3211
5774
2886
2034
3523 9988
6392 7198 8383
221 7398
4317
2678
5787 8438
2957
6812 7721 7759
4534
5856
1748
1297 8106
1538
3146 7740
2985
6728 8127
5380 8840
4797
2725 7278
3527
3690
1657 7932 8301
332
1142
1647
3378
5830
6213 8337
612
3866
990 7733
4544 7789
3862
4925 7836
4267 9417
4817
1340
1248
5647
1008 7385 8700
1815
362
4500
5380 9022
352
6575
6028 7648 8659
4611 7388
50 8662
139
1247 8175
517
1746
1454
189
4302
4771
482
6480
329
5498
5107 8148
4223
5281
4961
1542 7273
3121 9452
6230
5519
3679
4103
5674
536
297
110 7516
2718
702 7274
613 8609
5934
3370
1112
2961
482 7495 9624
1423
2874
5332
93 7530
1459
1477
1497
1341 8186
4155
2845 8634
6756
1243 8804
2749
7103
3534
5347
5894
5345
4524
1128
3640 7806
3307
6988
945
4958
3892
25
148
1310 7833
3465
4763
4566 7328
4524
557
917 9973
519
3000
1206 7444
580
674 8725
1380 7574
17
2985 8005 9445
5633 8336
2720 8611
621
2787
3036
4912
6567
3274
2453
4784 7247
4405
2657
6381
1021
4140
3995
5416
2531
3090
7237 7555
5719
5653
1040
659
5484
3325
1947
4558
2139
491
2122
5691
2362
5856
4362 8464
951
6574
1503
3051
3328
4259
2315
4715
3528 9402
3625 8358 8368 8591
7167 7470
7178 7859
3697
1561
6052
7120 9791
5166
4924 9645
21
4109
2164
601
2608
3811
824
1041
4052
224
1399
159
109
2859 8140
2514
5962
2032
3210 8806
3422
4034
3280
104
1543 8521 9899
2075
5277
5722 8907
1954
3802
5311
3208
4793
555 9999
5444
6159 7831
4424
6876
6102 7861
4917
4470
6773 7472 8501 9644
1236 9686
5286
4893
28
6275
3141
3943
7216
1446
1050
2088
2496
6274
5985
6436
3247
98
684
2248 7999 8331
262
2295
3973 8364
2619
5135
2123 8874
6002
6201
2003
155
1723 7758
5495
4910 9410
4640
4029
2127 9719
2425
4359
619
2486
6953 7804
6660
1772
2879
2545 8178
3583
5725 7653 9061
1308 9276
5743
3706
3923
1678
3449
5784
5738 9341
4313
2158 9832
2679 9130
3931 8597
312
4920
4085
987
1949 7386
6541
7141
7383 8555 8562
4426
7149
2491
479
2653 7399
5910
1337
6117
1033
1483
4555
7104
7391
5524
5631
5736
2223 8681
927
271
2090
5970 9262
4764
1396
6384
4333
3575 7749
140
5683
4891
5177
2249 8665
4201
6349
3734
5810
968 8780
5735
4708 7978
4141
6407 7911 9183
5313
4330
2740
5599
5401
2940
934
4743
1541
2616 7829
1355 7662
3533
3611
1551 8842
1254
1907 8110
395
7222
534
3954
5715
3461
6537
4339
2748
4158
6652 8876 9771
6802 7816 9284
2096
2408 8954
2391
1482
2242
5647
4710
5235
2331
1638 7515
3414
3345
4750
4357
1283
7273 7843
4019
7320
2448
5932
4176
4778
6858 7948
6675
151
4502 7881
3184
3707
6717
2028 7565
4118
6111
7061
3691 9280
6841 7747
4013 8680
813
6638
5236
1002 8846 9093 9329 9990
7184 8688
668 9209
5458
1890
1106
1239 9835
5100
6947
380
320
960
5479 7860 8264
5336
219
6624
4783
2470
2953
4600
7088
7464 9813
7176
6695
5320
3608 7768
4931
3304
484
3103
5871 8875
6652
2325
6731
1848 7690
4370
7188
1743
418
6110
1813
2579
5541
5091
2280
6963
5915
3001
1094
1810
6749
4921 9688
3515
3438
4033
4419 7906
2097
2410
759
4359
4490 8024 8081
7247 7898 8471
5360 7695 9851
2312
2154
4151
6531
1877
2751
4960
1913
7484
5164
4563 8462
5167
1261
6630
5058
3281 8830
6214
7225 9265
2823
3853 8514
1188
6534 8004
54
880
1214
5328
403
5252
6139
546
4293
4967
4831
5662
4181
200
1893
5879
421
4027
1186
5113
3981
4673 8117
427
1831 9664
2555
1533
3879
3865
1819
6520
3416
1660
6290
234
5112
3335
3798
3281
3799
3686
3103
5688
1949
4344
830
2224 9294
3326 7670
2195
7039
1258 8488 9077
5491 8377
6683
41
2484 8142
499
1914
3714
4938
5078
4285
143
1559
1351
5455
6256 9251
4781
944
526
3479 7994
7148
2052
4729
1308
2952
7366
962 9974
2080
3926
6322
1745
5426 9168
526
5486
7437 8516
4710
572
4295
4208
2157
1520
5428
7625
901 7971
4926
6736 8346
5227 8208 8310
5914
4296
156
6712 7821 9799
4423 9561
1735
6043 8930
2536
5025 8596
6924 8064 8262
2084
4390 9159
5475
7089 9562
6881
7528
3353
3862
745
4121
7556
1700
1608
3796
743
2460
923
3541
3903
4773
6814
3467
431 8687
4731
2478
3061
1019 7997
3983 9786
51
6550 8911
4704 9385
231
2830
4714 7931 9583
2013 8866
4416
7109 8456
4166
4937
6798
5084
3444
426
4390
1813
2665
5229
6790
7132
3126
4959
1693 9672
4387
5143 8776
5228 8753
7115
3920
6912
3230
6598
5636
2335
7489
4444 8327 9459
7412
7040
1991
1816
3241
401
3080
428 9918
2126
7350
7109
6470 9600
4437
2269 9997
1670 7936
2060 8104
3888
3519 8459
5368 7910
7519
3287
6926
6119
6869
3117
4194 7848
1761
56
2272
1526
378 9249
1850 9818
6501
5836
3184 8079
6552
1212
958
5622
999
7133
5874
211
6618
1028
2991
831
2961 7974 9912
796
574 8788
5382 8962
4272
6388
775 9880
2272
7360 9033
800
7205 8212
5556
6414
1658 9394
1541
972
1066
2456
1317
5467
7454
2989
276
6676
1203
7678 8431
4944 8627
3223
2827
4951
6102
3913
1833
7436
5193 9213
7314
2382 8101
7213
1558
4476
7135
42
4183 8615
5451
4777 8593
5640 8165
633 9065
7470
1929
6831
4599 8889
359
7774 7995 9522 9639
393
644
5012 8545
3077
6458
1620
2294
688
6656
2145 9141
7274
7506
7317 7951
4902
722
5882
4609
6337
5383
6898
3617
5145 8767
6619
3997
6148
3599
78
2323
1481 9796
1036
673
3288
7480
1465
2645
5175
4759
3556
5347
1477 9555
3758
2582
3459 9319
5062 8522
5656
3075
4215
3040
3696 8019
7555
998
5524
6569
432
4888
2379
4219
7549
6108
5606 8692
2272
7767
7426
2519 7972 9689
4928
4576
892
5441
6419
6616 8518
7013
6244
4609
6290
3282
603
6519
5818
6701 8835
4058
6498
4041
7718 9764
7123 8881
3009
3767
6705 9340
7763
5867
870
908
3208
4367
6827
4885 9124
4945
5549
1276
4959
7477
758
5639
7861
1980
1200
918
6928
457
5921 8057
5879
4567 8613
4137 8036
3282 9833
2888
6719
1692
5465
1831
3170 8605 9901
5831
3435
5982
7671
7912
3430
7796 8329
4330
2909
423
7424
45
6276
5173 9710
690
2044
5466
2890
2097
2028
5055
1551
5437
6626
2649
1792
7647
7848
5023 9405
7711
2716
7339
2643
4769
4503
4552
7578
7227
2876 9930
2827
6939
1979
3746
4753
5172
4861
5778
5671
3090
1934
416
7897
4363
2750
4090
3866
7554
621
3385
5689
1786
3630
1261
4470 8632
3180
6997
2002
5559
7960
1774
6441
805
3741
1016
406
47
2671
2224
2687
822
2246 9245
6527
2641
2135
5942
1905 9931
973
1585
4808
7957
292 8060
849
8058 8460
2717
1812
1678
7684 9870
1623
4319
6486
1325
1570
1711
5482
2358
6851
1959
1819
106
979
277
7783
846
7554
943
923
3466
268
6455 8557
6352 9431
4029 9287
2093
3884 9822
1554
2393
1045
814
1085
6932
2477 8171
4080
4657 8669
2861
7832 8546
4865 9557
2123 9361 9924
7764
6107
7113 9934
282
1754 8453
5356
7442
3425
5652 8604
4556
1953
3871
4453 8248
7600
5377
104 9367
5296
1571
1402
1724
6913 8958
4042
3911
7117 9100 9785
2524
3867
3732
595
6822
88
5969
2465
6608
720
3935 9533
5467
7294
290
7632
802
284
4583 8770 9869
2182
3112
7163
5029 8663
3939
3205
4026
1345
1451
4253
1380
1351
3222
446
4022 8333
1998
3898
3332
4311
7841 9612
1270
3215
6923
6518
3850
8097
3207
342
52
7152
3937
28
7364 9185
5676
1557
987
407 9909
1342 9698
813 8414
1594
7192
3280
2460
2435
6096
1725
1132
1441
3117
2052
5240 9685
3753
4485
5261
2812
4305
1598
4594
188
3503 8508
3298
2257
7674
3523
1155
3250
7806
1200
3085
2456
393
2137
3888 9212
3385 8996
90
2588
4414
3159
5212
2548
6738
4628
6848
3083
2781
3667
3061
2779
561 9762
417 9264
4295
3072 9068
5401 8854
3880
3676
3120 8712
322
5163 8970
5414
6314
4840
5376
8116 9902
1162 9878
5902
999
1970
6229
5615 8499
2486
3376
6985
4477
5257 8278
6266 9234
1721
7684
3010
7506
6103
6334
1047
1089
3979
277
51
5283
5764
73
1573
4303 8291 9750
4723 8990
8259
1079
4534
2788
878
1388
3310 8720
5754
1135
4392
1240
3358
376
8276
1946 9114
5481 8922
5453
56
3461
804
1837
6327
3943 9277
7123
2668
6315
3364 8577
1554
1913 8683
2856 9676
4449
2496
7674
2999
6857
5406
2762
340
363
2905
4889
5792
5641
3203
980
6314
3003 8343
4059
1712
7748
5313
7974
2106 9605
7339
5475
8160
3408
5587
7228
7129 8861
344
4847 8341 9748
4145
8339
5796
8324
6698
2187
7673 9122
5651 9823
5543
4327 8520
1046 8831
5787
1120
4013 9355
4718
740 8447
2875
5082 9356
7272
4717
6271
5799
762
2877
7342
764
3314
3393
7272 9038
6608
5800 9258
6088
910
6974
4223
2501
3625 9654
7629
6742 9416
1726
2397 8560
1142
4398
7103
6097
5071
6672
422
5872 9707
4101 8972 9037
181
1472
6362
50
6114
6096 8536
4673
5075
5
6307
5495
6037 8741
3510 9728
1099
4085
901
5928
5809 8507 9627
7067 8735 10000
3972
2402 9375
3195
1947
2103
8184
1037
5638
4926 8827
1120
3262
1725
2519
6850
5950
5061
5737
1886
4505
15
1839
880
7821
6907
6265
3580
32
4888 8895
4669
7107
1920
6506
4899
4197
4679 9976
397
4195
3551
8355 9637
747
132
1899 8491
2230
4747
8108
4038
4706
7721 9726
1580
2074
7766
8060
6500
7567 9314
2957
7262
6851
6054
2383
2940 9127 9843
3702
965 9104
7555
2473
2949
2154
942
1302
2808
6067
175
5484
1853
3269
4655
1123
2762
5632
2258
7628
4698
5434
8450
1175
1908 8771 8971
3239
6743
3245 9904
4233
729
8254
1582
7320
2109
5099
625
1706 8890 9040
2674
8407
8205
3335
5695
5139
4350
4331 9408
7576
6559
7662
5468
7918
6234
8349
7303
7892
3957
4849
2746
4378
6340
609
4111
3941
4904
4767
3442
4184
6386
8395
134
6075
5648
6247
205
6272
1064
5997
7851
8101
1648
6928
1911
456
4281
550
1881 8567 9435
4273
7386
4366
8086
959
2824
8380
5439
7386
2860
5613
1201
6593
8553 9458 9827
5935
2199
3891
3547
6866
4940 9463
5660
2879
66
8304
6296
167
5504
4133
6957
3027
2411
3261
6759
6884
938
4194
3895
7272
6943 8865
7840
1753
4007
7683
7378
610
1970
1526
2305
5050
2492
8112
7967
5288 9378
3086
1577
7179
5475 8980 9261
7229
3605
7959
4103 9091
7838
3059
3704 9735
3182
4798
4642 9268
3555
5176
1791
5589
5980
6676
7822
4530
4473
5059
33 9326
8031
2633 9090
7194
409
2657
703
3195
4911 9414
2236
1950
2847
4726
4544
2751
3196 8959
3687 9066
2470
5730
3815
3685
6071
6651
402 9518
5078
709
4575
2839
7148
1896
3447
7150
8149
250
7417 9407
4007
1766
702
8099
4181 8914
942
317
4595
5219 9588
1684 9734
13
4530
2168
6377
7490
7403 9001
4565
8306
1086
703 9045
3359
7707
7495
4155
503
1675 9825
7908
1988
4651
3001
1707
6840
819
6381
7141
1116
6000
4891
694
5370
6727
6540
3720
2907
3832 9592
15
8241 9634
761
2470 9455
6945
5901
3260
4087
564
8284 9844
1276
4822
1240
3611
7224
112
2370 9189
4347
5630
2640
1319 9059
6528
2378
2787
8408
5094
312
3688
4506
5574 9567
8401 9338
3375
2698 8912
3616
1044
6211
705
2371
547
1509
2694 9241
6161 9810
7739
5865
90
609
1977
6771
6404
1062
4298
1091
5087
4353
279
1201
7870
262
4028
8145
8493
6307 9295
1904 9179
6495
3035
7738
5514 9891
6182
1428 9729
7422
3358
1118
5358
6193
889
2123
6598
7798 9370
4976
4647
2924 9364
967
5273
4340
222 9908
3182
4162
3388
2330
4170
6268 9190
5550
7008
7196 9653
1122
7298
1391 9601
5287
3921
6815
2077
6098
1118
2442
2460
4935
839
3431
3673
2883
2003
6025
3334
1598
543
765
8417
4956
5447 9013
7572
8350
971
5341 9883
2017
7927
2365 9297
899
1789
5529
7118
321
7440
5456
2020
6796
7494 9853
2962
2605
64
2799
5547
1015
4315
8238
2742
1389
6700
6773
6221
6659 9499
8337
5537
65
4876
8592
7719
4198
3891
4447
1892
6236
1648 8965
1255
7345
7524
7453
169
2129 9062 9872
288
629
7932
2001
3208
2989
3398
2167
6121
3255
7846
8505
6368
6871
4422
5348 9547
8436
950
2046
2563
4078
3077
1347
872
3334
2232
4428 9372
2122
7306
6228
2819
3198
7714
8743
504
8670
1977
536
5237
255
3392
2684 9219
5105
8293
48
2925
538
5547
3642
6569
5628
7681
768
3912
5454
4143
668
3307 9978
3645
301
5076
6615
3505
5215
1440
3347
1772
6493
2302
122 9123
840
1335
3469
2482
4727
7456
1356
5288
5887
8124
8646
2737
6775
7799
5448
6480
8872
7065
2284
302 9254
928
8243 9657
8493 9828 9907
8389
635
2832
143 9749
3868
1330
678
3776
8610
1634
3107
711
5257
48 9923
1513
5546
3484 9172
5365
8277
2968
6404
2815
6772
6745
8219
1991
5228
6829
3275
8681
1973
1315
4829
3055
3280
2036
5867
4412
6216
5103
5592
8829
6484 9133
3877
109
4031
3927
711
6281
1168 9757
7145
3040
760 9491
1850
3525
4275 9635
220
1743 9983
6139
2048
5652
7804
7
6974
2091
8389 9323
8368
6216
8505
4297
2911
156
3726
8685
622 9971
4412
5136
3751
1782
2284
4693
3494
6385
2641
2416
1218
4555
8731
1103
7366
8878
3309
2233
7842
8647
5877
8237
6511
4434
1978
62 9539
5037
2127
5793
4133
7628
6804 9998
1191
1361
2805 9406
4700
4060 9532
1638
3729
4402
690
924
2735
8633
8614
6083
7494
807
6555
1162
3853
1705
2425
8127
4677
615
988
8470
1179
6610
582
3820
5914
2185
5152 9699
4642
2991
8292
6395
3721
3786
2880
4383
7049
3527
8346
8948
7943
2096
3486
8468
3312
4309
7377
5173
1695 9829
9014
2786
105
1301
5898
149
405
984
7858
712
2161
5985
1500
1472
1489
2269
774
1532
393
610
4685
3017
5652
2380
2998
3705
7686
726
6536
3706
436
4250
6905
7016
3162
7659
5684
4631
5612
8988 9415
5122
1983
4600
6588
1831
5269
8773
5358
3884
1533
7426
1566
8178 9776
5737
2153
1029
8727
8801
5568
1227
833
369
6216
6206
4689
2179
2030
3356
3497
5306
685
177
2045
5915 9538
7084
722
7496
4367
5420
8218
7830
6500
4580
2385
1704
5590
8920
4532
5728
6369
1905
3720
1192
6351
3914
2110
4279
6155
5219
5323
1451
8260 9920
4341
2903
5189
5174
5454
4748
8751 9403
299
5642
4096
8048
272
3453
507
7779
5744
7643
4362
2901
8968
299
1628
2762
8370
1221 9846
6977
8610
7407
4395
8235
7574
6252
2211
8620
366
4671
3334
1179
6119
3610
560
7367 9919
8300
285
7016
7488
3940
4450
4741
7454 9784
1332
3819
8088
1059 9545
6334
4084
6380
2300
3058
7624
8772
1913
8836
1225
4916
4590
186
1411
2178
3031
6922
4810
5452
6283
4000
5106
2668
3067
2667
8462
4973
5386
5381
1982
7891
6872
2467
4424
9037
3099
196
8631
3576
6740
7494
3789
5873
6247
5935
81
3236
2926
3465
8741
6023
7935
7374
1365
6280
3058 9789
3996
6943
4170
575
4016
4720
3806
4525
3118
2522
8353
8357
6799
2682
505 9975
1465 9622
8103
1708
5349
8791
5069
652
8119
1750
5472
8788 9489
2347 9884
8905
907
7036
8410
5024
6219
8606
1707
6067
274
1193
1866
1903
7715
3048
5019
3990
4100
3860
5165
5748 9591
3281
7809
1717
4447
7073
82
5661 9852
3587
4368
7271
9241
5178
7996
9081
8665
8513
1436
7352
4589
830
4447
8639
9172
8378
7136
2785
5146
1904
6143
5909
6768
552
2940
2138
3903
6508
3036
1272 9722
8087
5708
5281
6783
8553
1974
4433
5877
5366
793
2000
2246
6085
446
7227
6830
4411
5256
5095 9775 9980
5376
3554
7168
5813
2881 9568
8714
3718 9995
2634
8567
7748
5725
1398
6912
8573
3556
4198
351
4633
3930
1579
2247
6770
2392
6860
1283
5348
1783
5127
2947
4004
4728
4417
5191
2839
6128
3704
4163
313
3189
9370
1212
9024
1769
3358
3296
6251
2484
4903 9610
5187
8860
3208
197
3979
5316
1087
3630
3773
4771
7055 9540
863
3593
4984 9558
731
6144
1379
787
6603
545
8654
4018
4045
1895
7848
1785
4264
5020
3467
4446
2101
6030
5253
1178
9083
8138
2419
3525
5432
6341
9206
9072
9508
4670
3496
773
6890
9288
868
8894 9577
250
1947
4203
5930
2173
627
4959
7888
2742
8102
9511
4429
947 9948
7679
7688
2861
1457
4435
2759
8740 9595
9454
2811
3404
5058
3654
3890
40
4346
6377
9547
6696
3539
1591
3527
2638
7718
4715
5120
5129
6214
8674
2875
5172
9392
8710
5264
5562
9567
1664
3517
1747
708
7760
8807
6415
6867
2581
8330
6982
2290
3306
6662
9497
807
8165
2108
4149
3251
3074
4782
774
7020
2915
6572
9360
5112
7184
6439
1362
8407
1913
4987
7009
4291
3890
3329
8712
9027
2921
8447
3374 9952
7848
5922
6706
5538
4766
7320
7280
2629
2877
1919
1576
5985
362
5544
8804
8376
153
1241
8970
1566
1908
699
2896
4355
6764
7602
1068
2528
779
5080
6586
3991
6063
7736
5408
6333
458
8307
2543
5645
3019
2177
4533
5198
865
947
8196
7321
6806
7545
7912 9747
6608
4974
5950
34
5787
2669
4896
3984
8183
9111
4092
4000
6850
2311
2176
1937
2882
8388
2616
2751
7981
1536
5618
6374
1192
2627
2783
3782
5412
7355
5804
1122
9430 9897
1001
3405
2601
8456
6771
8402
8779
5767
4118
2266
6478
8675
8617
7012
3632
3637
2403
1373
2667
5055 9834
5722
5832
2627
1894
9689
8339
8975
8276
6034
3477
353
6673 9781
6366
1462
9021
2604
7091
939
4570
8234
4507
7931
4488
2058
201
4183
1548
6014
7453
831
1561
3139
9449 9953
9185
4845
643
6862
2804
9754
2382
1110
9284
8127
7712
1503
3673
9344
5233
7278
106
5325
457
397
7877
4737
3689
7678
4242
4951
3214
2894
2675
1539
989
6247
933
6797
8752
5524
220
7515
6047
4995
3092
880
7780
5709
6104
4938
8090
8347
5997
8691
6702
8567
8971
9132 9964
7036
6467
7376
7961
9742
7500
2043
6014
3361
5999
674
4720
3938
8468
8720
252
9259
6854
495
1525
626
7556
9399
8846
819
4161
6197
4092
3087
840
3914
1714
1892
4786
5521
5409
3058 9991
6651
5144
8145
8064
777
8878
6989
2639
5774
3028
6468
8249
3224
7802
4062
95
8833
9371
6599
7025
4486
6183
7097
1669
8777
80
5759
5292
3855
3110
9722
3650
7303
3494
7967
8248
2588
8496
1745
5807
8971
8795
8182
6083
4855
7796
6173
1980
3480
799
2451
7756
9276
9234
439
5055
8985
8103
6
6318
1184
7095
738
8006
8053
1843
1326
8106
6308
6807
6234
6595
6441
2030
3220
6822
3783
3155
5304
5797
7093
9560
162
322
2778
9638
9775
4875
6411
1309
2643
3020
5162
1458
4028
5651
3576
9829
649
6337
6950
217
684
2178
9046
2615
7219
7654
9359
8443
4411
8936
2935
9449
562
6062
9029
4143
2089
1575
2656
7102
3780
7494
9866
3214
4466
7081
9456
213
7762
9078
7312
8408
